----------PROBABILITY----------
4.472241244002361782e-09 9.999999403953552246e-01 3.085016408999052828e-10
9.999993443489074707e-01 4.611565174172937986e-08 5.457629299598920625e-07
9.999999403953552246e-01 7.419384662199490776e-09 4.955184707000626076e-09
6.465057822424569167e-09 9.999995827674865723e-01 3.309235125925624743e-07
9.999999403953552246e-01 4.492477501116809435e-09 7.902023035910588078e-09
2.866180466298828833e-07 1.002486271772795590e-07 9.999995827674865723e-01
1.196130506286863238e-05 1.380183903165743686e-06 9.999865889549255371e-01
2.519961297512054443e-01 5.657252040691673756e-04 7.474381327629089355e-01
9.999968409538269043e-01 3.152501335534907412e-07 2.793367684716940857e-06
2.960785241157282144e-05 1.075391564518213272e-02 9.892163872718811035e-01
2.339853137633962632e-11 1.423629547581128918e-09 9.999999403953552246e-01
9.999995827674865723e-01 2.506233727217477281e-07 1.713277413273317507e-07
3.209240873047747300e-08 9.999999403953552246e-01 1.666303761638232572e-09
9.999997019767761230e-01 1.843096981701819459e-07 6.529474738670160150e-09
7.593117601345511503e-08 2.034687085483710689e-08 9.999998211860656738e-01
3.265366540290415287e-04 3.419391578063368797e-05 9.996392726898193359e-01
9.999977946281433105e-01 1.139136429628706537e-06 9.222808330378029495e-07
4.352427553385496140e-03 1.099544949829578400e-02 9.846520423889160156e-01
9.999892115592956543e-01 9.583941391611006111e-07 9.780095751921180636e-06
8.724781274795532227e-01 1.610540348337963223e-04 1.273608505725860596e-01
3.145802111248485744e-05 9.999665617942810059e-01 1.855315986176719889e-06
9.999445080757141113e-01 3.674497929750941694e-05 1.873681139841210097e-05
7.206780537671875209e-06 9.999906420707702637e-01 2.100487563438946381e-06
2.660607947291282471e-07 9.999997019767761230e-01 5.342862863244590699e-08
9.999967217445373535e-01 6.402401027116866317e-07 2.672354867172543891e-06
9.999992251396179199e-01 7.638604984094854444e-07 3.795787506533088163e-08
3.040992851310875267e-06 2.256688524937544571e-08 9.999968409538269043e-01
1.104724134393109125e-08 3.461357067635617568e-08 9.999999403953552246e-01
9.999999403953552246e-01 5.331957986243196501e-09 4.502473416323482525e-08
3.317969401450682199e-07 1.252700343457036070e-07 9.999994635581970215e-01
9.992514848709106445e-01 8.289245306514203548e-05 6.656956975348293781e-04
9.668871825851965696e-06 9.999775290489196777e-01 1.278414401895133778e-05
9.238024745172879193e-07 9.961813688278198242e-01 3.817704506218433380e-03
4.590562639350537211e-06 4.675617333305126522e-07 9.999949336051940918e-01
3.876920686707308050e-07 9.999994635581970215e-01 1.339022048796323361e-07
1.777936449798289686e-05 2.286135713802650571e-05 9.999592900276184082e-01
1.672536455998852034e-07 9.999997019767761230e-01 9.102308240471757017e-08
1.442350310298934346e-07 9.999998211860656738e-01 3.228432277069259726e-08
2.085309461108408868e-06 9.999979138374328613e-01 4.218271953959629172e-09
1.149781110143521801e-05 1.737085540298721753e-06 9.999867081642150879e-01
2.557974159717559814e-01 7.055459022521972656e-01 3.865672275424003601e-02
9.997088909149169922e-01 2.757932234089821577e-04 1.542197787784971297e-05
9.999999403953552246e-01 1.435929330995122655e-08 2.574033963753663556e-08
3.144132494926452637e-01 4.118460714817047119e-01 2.737405896186828613e-01
9.829200564581697108e-09 9.999999403953552246e-01 1.680192873720898206e-09
1.209683432534802705e-06 3.350099309074039411e-09 9.999987483024597168e-01
9.999993443489074707e-01 4.485770830342517002e-07 9.328259409357997356e-08
9.999988675117492676e-01 2.150077591522858711e-07 8.639901807327987626e-07
2.263687292725080624e-06 1.421635342779836719e-08 9.999976754188537598e-01
1.725583729239588138e-06 1.642984134377911687e-04 9.998340606689453125e-01
1.678507857150179916e-07 1.231886859187625305e-08 9.999997019767761230e-01
8.771434245602449664e-09 1.876100386155599153e-09 9.999999403953552246e-01
5.928276368649676442e-05 3.400000707642902853e-07 9.999403357505798340e-01
9.999997019767761230e-01 2.820442546180856880e-07 1.492566070737666450e-08
9.999993443489074707e-01 6.702241961420440930e-08 4.816372438654070720e-07
5.729648755448124575e-09 1.634916202419844922e-09 9.999999403953552246e-01
1.891372085083276033e-05 5.064333436166634783e-06 9.999759793281555176e-01
9.999998211860656738e-01 1.388675059388333466e-07 8.140361718034228034e-10
9.206258533289712886e-10 9.999999403953552246e-01 8.323711164770486448e-11
9.994052648544311523e-01 1.522742822999134660e-04 4.423637874424457550e-04
4.721140430774539709e-05 9.755609631538391113e-01 2.439183741807937622e-02
9.999995827674865723e-01 3.326987609852949390e-07 2.861093761907795852e-08
9.999817013740539551e-01 3.915321030945051461e-06 1.431890541425673291e-05
9.999999403953552246e-01 5.714699113923416007e-08 2.850407909704699705e-08
9.989845752716064453e-01 2.703287827898748219e-05 9.884039172902703285e-04
1.463659060618738295e-07 8.391870665036549326e-08 9.999997019767761230e-01
1.366303768008947372e-03 1.194151584059000015e-03 9.974395036697387695e-01
7.543050287495134398e-06 1.110029870687867515e-06 9.999912381172180176e-01
6.484253332018852234e-03 9.932343363761901855e-01 2.814779581967741251e-04
8.338519364770036191e-06 9.831519722938537598e-01 1.683968864381313324e-02
2.292120825586607680e-06 9.996705055236816406e-01 3.272445756010711193e-04
2.574813879618886858e-05 9.101272553380113095e-07 9.999732375144958496e-01
1.419744491577148438e-01 1.183065958321094513e-02 8.461949229240417480e-01
3.232832739286095602e-07 9.999995827674865723e-01 1.538623983776687965e-08
1.249036449735285714e-05 1.732359010020445567e-06 9.999857544898986816e-01
5.751379927865230002e-10 9.999999403953552246e-01 1.176625130661079766e-09
9.999999403953552246e-01 4.890116089839580127e-10 1.579253394723423298e-09
9.914992451667785645e-01 4.861031993641518056e-05 8.452158421277999878e-03
1.643198466183548589e-08 9.999999403953552246e-01 1.500109725327547494e-08
7.923510181306880895e-10 9.999999403953552246e-01 4.006873055573123565e-09
4.553585313260555267e-06 9.999954104423522949e-01 6.513968808796732901e-10
2.871671924367547035e-03 1.413751306245103478e-05 9.971141219139099121e-01
9.999999403953552246e-01 1.866916754522662814e-08 2.254157394077083154e-08
9.999967217445373535e-01 1.985368726309388876e-06 1.150066282207262702e-06
9.997906684875488281e-01 8.704238098289351910e-06 2.006097347475588322e-04
3.560335528618452372e-07 9.996176362037658691e-01 3.820119891315698624e-04
1.440057414583861828e-03 9.960951209068298340e-01 2.464761957526206970e-03
5.802185114589519799e-07 9.999993443489074707e-01 4.195177982779796366e-09
9.999993443489074707e-01 4.580080599225766491e-07 8.702244258529390208e-08
1.321598072536289692e-03 3.256266063544899225e-04 9.983526468276977539e-01
1.704901664290048302e-09 2.086883199581279769e-08 9.999999403953552246e-01
9.428719138782071241e-09 9.999999403953552246e-01 1.188371290261613922e-09
1.727750711143016815e-02 1.846925471909344196e-03 9.808756113052368164e-01
9.393055734108202159e-06 9.999796748161315918e-01 1.090434761863434687e-05
1.413785357726737857e-04 1.276399241760373116e-03 9.985822439193725586e-01
9.999998211860656738e-01 1.109706460056258948e-07 1.222545265022745298e-08
8.559351840631279629e-07 1.209080480180091399e-08 9.999991059303283691e-01
3.342008891848990970e-10 9.999999403953552246e-01 7.515265743052168546e-09
1.157582830637693405e-02 5.974539518356323242e-01 3.909700512886047363e-01
9.994710087776184082e-01 1.538370452180970460e-05 5.135805695317685604e-04
1.372809421695819765e-09 9.999999403953552246e-01 5.186195917161739999e-10
9.999997019767761230e-01 2.353210390992899192e-07 2.096161821896203037e-08
1.340365258784004254e-07 9.999998211860656738e-01 4.371250028611939342e-09
8.156946229576078622e-10 9.999999403953552246e-01 1.417967687711296776e-10
2.363707380936830305e-07 3.402958270726230694e-08 9.999997019767761230e-01
2.036922815022990108e-04 3.776296274736523628e-03 9.960199594497680664e-01
2.031437121331691742e-03 9.963791966438293457e-01 1.589389750733971596e-03
8.366395831108093262e-01 1.630452871322631836e-01 3.150721604470163584e-04
9.999992251396179199e-01 1.210860602895991178e-07 6.023733476467896253e-07
5.204839544603601098e-05 8.982300641946494579e-06 9.999389052391052246e-01
9.967441558837890625e-01 1.664964947849512100e-04 3.089374629780650139e-03
2.016282962813420454e-08 9.999982714653015137e-01 1.632071530366374645e-06
9.999999403953552246e-01 3.504022672018436424e-08 6.783587469527674330e-09
7.543845548241279175e-09 2.865506054661182134e-09 9.999999403953552246e-01
5.327639840402298432e-08 9.999998211860656738e-01 1.102369253658253001e-07
9.999896883964538574e-01 8.404489193480912945e-08 1.013627115753479302e-05
4.831605474464595318e-04 9.987560510635375977e-01 7.607644656673073769e-04
4.132674075663089752e-04 4.212193191051483154e-01 5.783674120903015137e-01
3.083090120981069049e-07 9.999993443489074707e-01 2.150437552472794778e-07
2.218569815158843994e-02 2.771948857116512954e-05 9.777866005897521973e-01
4.913674274575896561e-05 9.304222658101934940e-06 9.999415278434753418e-01
4.565377764720324194e-08 9.999983906745910645e-01 1.517450300525524653e-06
4.274590992281446233e-06 9.999956488609313965e-01 1.207193633945280453e-08
9.642768361572962021e-08 9.999998211860656738e-01 8.565105957814012072e-09
8.793868744305655127e-08 9.999998211860656738e-01 2.693341771831114784e-09
3.141653451166348532e-06 2.786574896163074300e-06 9.999939799308776855e-01
2.716617153453171341e-08 9.999999403953552246e-01 2.417411160138271953e-09
2.162140561267733574e-03 7.188607007265090942e-02 9.259517788887023926e-01
2.436757495161145926e-05 4.522491508396342397e-05 9.999303221702575684e-01
9.989638328552246094e-01 5.895027425140142441e-04 4.465242091100662947e-04
7.089520804584026337e-03 9.804133772850036621e-01 1.249708700925111771e-02
8.111443889902147930e-07 9.999833703041076660e-01 1.570366657688282430e-05
1.913378753215511097e-07 9.999827742576599121e-01 1.691710167506244034e-05
1.311413626581270364e-07 9.999987483024597168e-01 1.070124767466040794e-06
9.997116327285766602e-01 2.878805389627814293e-04 4.927573513668903615e-07
1.987531419445076608e-07 9.999997019767761230e-01 3.709640150617588006e-09
1.100570479195539519e-08 1.492640500089237321e-08 9.999999403953552246e-01
9.999098181724548340e-01 1.627361780265346169e-05 7.374658162007108331e-05
9.735555295264930464e-07 9.999980330467224121e-01 9.284514703722379636e-07
8.613855838775634766e-01 1.095531806349754333e-01 2.906125783920288086e-02
9.477657414436180261e-08 9.999998211860656738e-01 2.376164509598766017e-08
9.999995827674865723e-01 4.097110490874911193e-07 1.182217612694103082e-08
9.999993443489074707e-01 4.426682664870895678e-07 9.365608377720491262e-08
9.999976754188537598e-01 1.916041355798370205e-06 3.743376453257951653e-07
6.891622206239844672e-07 4.105501147932955064e-07 9.999988675117492676e-01
1.017208633129484951e-04 3.278355598449707031e-01 6.720627546310424805e-01
4.788689000889689851e-09 5.191688745576072961e-10 9.999999403953552246e-01
8.566960786993149668e-06 9.999811053276062012e-01 1.024114226311212406e-05
1.616286340322403703e-07 9.999710917472839355e-01 2.870886419259477407e-05
6.713039510941598564e-07 1.353040715912356973e-06 9.999979138374328613e-01
9.049237705767154694e-03 9.620230793952941895e-01 2.892761118710041046e-02
1.908200938487425447e-04 9.869151115417480469e-01 1.289399340748786926e-02
8.660604180477093905e-06 9.999893307685852051e-01 1.886442419163358863e-06
4.251546215527923778e-06 3.520823952385399025e-07 9.999952912330627441e-01
4.538495943506859476e-07 9.999983906745910645e-01 1.052441120918956585e-06
9.999999403953552246e-01 1.432550877922267318e-08 1.733270083015270302e-09
8.665392398834228516e-01 1.740648876875638962e-03 1.317200362682342529e-01
1.681809713716120314e-08 9.999999403953552246e-01 6.873188684863862363e-10
8.735955634620040655e-05 3.189643166479072534e-06 9.999093413352966309e-01
9.872831106185913086e-01 2.929462061729282141e-05 1.268756017088890076e-02
1.508238085534685524e-07 9.999998211860656738e-01 4.584206081403863209e-08
1.302674598991870880e-02 2.501328344806097448e-05 9.869481921195983887e-01
1.355510321445763111e-03 1.409629294357728213e-05 9.986303448677062988e-01
1.369854900985956192e-03 9.986210465431213379e-01 8.995631105790380388e-06
3.131420817226171494e-04 9.996556043624877930e-01 3.122845373582094908e-05
9.999997019767761230e-01 4.368334316495747771e-08 1.887539013978312141e-07
9.999981522560119629e-01 7.643675985491427127e-07 1.084392806660616770e-06
9.999883770942687988e-01 8.553128338917304063e-08 1.147524199041072279e-05
9.999994635581970215e-01 4.142504508308775257e-07 1.026799836267855426e-07
2.554552884248550981e-05 6.669073627563193440e-06 9.999677538871765137e-01
9.359243512153625488e-02 9.035730957984924316e-01 2.834551269188523293e-03
5.458801751956343651e-04 9.980559945106506348e-01 1.398160471580922604e-03
4.729470529127866030e-04 9.187404066324234009e-05 9.994350671768188477e-01
6.936524296179413795e-04 1.291538865189068019e-06 9.993050098419189453e-01
6.899862910358933732e-06 1.305790533479012083e-06 9.999917149543762207e-01
2.120356725754390936e-07 6.721356271555123385e-07 9.999991059303283691e-01
9.996607303619384766e-01 1.941171103680972010e-05 3.198194026481360197e-04
1.519390498287975788e-04 5.218113528826506808e-06 9.998428821563720703e-01
4.413770046085119247e-03 2.720759403018746525e-05 9.955590367317199707e-01
1.788746234465676821e-10 9.999999403953552246e-01 3.760525779661350043e-10
9.991986155509948730e-01 6.845697498647496104e-06 7.945728139020502567e-04
4.026648588478565216e-03 6.038775444030761719e-01 3.920958042144775391e-01
9.999867081642150879e-01 6.665817181783495471e-06 6.552473678311798722e-06
9.761073589324951172e-01 2.362526766955852509e-02 2.673833805602043867e-04
2.277678698301315308e-01 2.873820485547184944e-03 7.693582177162170410e-01
9.996727705001831055e-01 2.213556945207528770e-05 3.050311061087995768e-04
9.999985098838806152e-01 8.132479933919967152e-07 6.212104608493973501e-07
2.674431889317929745e-04 6.206219495652476326e-06 9.997264146804809570e-01
2.475568908266723156e-05 3.550287885900615947e-07 9.999747872352600098e-01
9.997420310974121094e-01 1.295114543609088287e-05 2.450679894536733627e-04
1.781560854396957438e-07 7.727459916395673645e-08 9.999997019767761230e-01
1.293165259994566441e-04 1.512019571237033233e-05 9.998555183410644531e-01
9.806576967239379883e-01 2.574763493612408638e-03 1.676762849092483521e-02
2.745687652350170538e-06 4.757605864824654418e-08 9.999971985816955566e-01
3.394422094515903154e-07 9.999995827674865723e-01 5.162759109111902944e-08
9.999999403953552246e-01 3.735537745797046227e-08 7.911735266930008947e-09
6.673148789104743628e-08 9.999998211860656738e-01 8.748309632267137204e-09
1.302530083790998106e-08 9.999999403953552246e-01 1.249552639137618826e-08
1.712594676064327359e-04 2.405518898740410805e-04 9.995881915092468262e-01
9.999900460243225098e-01 8.685035027156118304e-06 1.151171204583079088e-06
5.525588221644284204e-06 3.809713234659284353e-06 9.999906420707702637e-01
1.582828583195805550e-03 4.209282924421131611e-04 9.979962706565856934e-01
2.987402724102139473e-03 1.624513788556214422e-05 9.969963431358337402e-01
2.243476410512812436e-05 5.014767339162062854e-07 9.999770522117614746e-01
9.999943375587463379e-01 1.101105112866207492e-06 4.582646852213656530e-06
9.999999403953552246e-01 4.560502375738906267e-08 5.941576119994351757e-08
8.857325155986472964e-06 5.203463388170348480e-06 9.999858736991882324e-01
1.327717745880363509e-05 3.896960549809591612e-07 9.999862313270568848e-01
1.530046063180634519e-07 1.026259344172331112e-08 9.999998211860656738e-01
1.623330404981970787e-03 5.578601758315926418e-06 9.983710050582885742e-01
1.138869691885702196e-07 9.999997019767761230e-01 1.635223298990240437e-07
2.434463007375597954e-03 8.832274377346038818e-02 9.092427492141723633e-01
3.605681704357266426e-04 2.062471685349009931e-05 9.996188282966613770e-01
9.999946951866149902e-01 4.535056916665780591e-07 4.799813723366241902e-06
4.197095113340765238e-04 9.995793700218200684e-01 9.567158940626541153e-07
7.137460215744795278e-06 7.644023725106308120e-08 9.999926686286926270e-01
2.442922975021133425e-09 9.999999403953552246e-01 4.892504179565548839e-10
9.999741911888122559e-01 2.280995431647170335e-05 2.934633812401443720e-06
8.330391645431518555e-01 1.669589877128601074e-01 1.795325829334615264e-06
5.772424628958106041e-06 9.999938607215881348e-01 3.150592533529561479e-07
9.999973177909851074e-01 1.701850692370499019e-06 9.140879342339758296e-07
8.677654113853350282e-05 3.180571948178112507e-04 9.995952248573303223e-01
3.382304214483156102e-07 1.248111658469497343e-07 9.999994635581970215e-01
9.999991059303283691e-01 1.690618347538475064e-07 7.361605867117759772e-07
1.103226510146271266e-09 9.999999403953552246e-01 1.673249871991799864e-09
9.590185982233379036e-06 6.825100626883795485e-07 9.999896883964538574e-01
2.202001692097610430e-09 9.999999403953552246e-01 1.577135470831603214e-11
9.999812245368957520e-01 7.815356184437405318e-06 1.079641788237495348e-05
5.988237035126076080e-07 9.999989867210388184e-01 3.669305215225904249e-07
9.999999403953552246e-01 3.071328080750390654e-08 1.059745069476036861e-09
2.084172905369996442e-07 7.102658017288376868e-09 9.999997019767761230e-01
5.395894731918815523e-06 5.985654638607229572e-08 9.999944567680358887e-01
9.999995827674865723e-01 2.165322854352780269e-07 7.786996292225012439e-08
9.999999403953552246e-01 2.215508221325990235e-09 1.664483550989359628e-09
9.999997019767761230e-01 2.721365888191940030e-07 3.057824926600005710e-08
4.911142070795904147e-08 2.831712464512747829e-08 9.999998211860656738e-01
9.994555711746215820e-01 5.440338863991200924e-04 3.435267785789619666e-07
1.817308969975783839e-07 9.999997019767761230e-01 2.283039179928891826e-08
1.851791421358939260e-05 9.103234788199188188e-08 9.999813437461853027e-01
9.728721380233764648e-01 2.712727151811122894e-02 6.237363550098962151e-07
1.454591380678493806e-08 9.999999403953552246e-01 3.242637269806891709e-09
9.999973177909851074e-01 2.534374516471871175e-06 9.715296300782938488e-08
3.419744132315827301e-07 6.867184083603206091e-07 9.999988675117492676e-01
9.999983906745910645e-01 1.360083160761860199e-06 2.674793222467997111e-07
3.868809983487153659e-08 1.007256678065004962e-08 9.999999403953552246e-01
9.999623894691467285e-01 3.535468567861244082e-05 2.153741661459207535e-06
7.690554326700294041e-08 9.999998211860656738e-01 6.062548241203558064e-10
1.928271871065589949e-07 9.999992251396179199e-01 4.454156794508890016e-07
1.244884915649890900e-04 4.822102710022591054e-06 9.998707771301269531e-01
9.999981522560119629e-01 1.769906134541088250e-06 2.229728224278915150e-08
4.407799472638807003e-11 9.999999403953552246e-01 9.542886446334275519e-12
9.999993443489074707e-01 5.387511237131548114e-07 8.307188714695712406e-09
1.546701605548150837e-05 2.269461560899799224e-07 9.999842047691345215e-01
9.999986290931701660e-01 1.111927304009441286e-06 1.969654590538993943e-07
2.306324859091546386e-05 2.957127890113042668e-06 9.999739527702331543e-01
3.908211874659173191e-05 9.907295861921738833e-06 9.999509453773498535e-01
1.420098487869836390e-05 6.030032636772375554e-06 9.999796748161315918e-01
6.287852884270250797e-04 3.092539906501770020e-01 6.901171803474426270e-01
7.530253787990659475e-05 9.644782949180807918e-06 9.999149441719055176e-01
7.058484907673800990e-09 9.679656187699947623e-09 9.999999403953552246e-01
9.999999403953552246e-01 5.953714676820709428e-08 2.049171499152180331e-08
9.999997019767761230e-01 2.327934822687893757e-08 2.462761301558202831e-07
1.746475817299142363e-07 2.265666552148104529e-07 9.999995827674865723e-01
9.998812079429626465e-01 8.539994269085582346e-06 1.101374436984770000e-04
9.148885169452114496e-07 9.999935030937194824e-01 5.424716619017999619e-06
4.296263345082707019e-09 9.999999403953552246e-01 5.529985358521116723e-09
3.263160353526473045e-03 5.336461663246154785e-01 4.630906581878662109e-01
3.979543805598950712e-07 1.528875692713427270e-09 9.999995827674865723e-01
6.653550826740683988e-06 9.999920725822448730e-01 1.201596887767664157e-06
1.159966178238391876e-02 5.959205031394958496e-01 3.924798369407653809e-01
9.999744296073913574e-01 3.567293447304109577e-07 2.517614302632864565e-05
5.792768433821038343e-07 9.999992251396179199e-01 7.041191452117345762e-08
5.135916136822515909e-09 9.999999403953552246e-01 1.139146377227007179e-08
2.281542919035928207e-07 9.999997019767761230e-01 6.740546343309006261e-09
8.274037099909037352e-08 9.999998211860656738e-01 5.116458812182145266e-09
3.050028346478939056e-03 6.636019349098205566e-01 3.333481550216674805e-01
6.163428434291517988e-09 4.779873830074166108e-09 9.999999403953552246e-01
9.999806284904479980e-01 1.837435411289334297e-05 1.005092713057820220e-06
3.004119098186492920e-01 3.819499909877777100e-01 3.176379799842834473e-01
4.027274655982182594e-07 5.647838108302494220e-08 9.999994635581970215e-01
5.059876457380596548e-06 7.641497177246492356e-06 9.999871850013732910e-01
1.174606404674705118e-05 9.999591708183288574e-01 2.895623765652999282e-05
5.967617511259959429e-08 9.999997019767761230e-01 1.298675442740204744e-07
9.999988675117492676e-01 3.934655978810042143e-07 7.573601692456577439e-07
9.999983906745910645e-01 5.947896966063126456e-07 9.619016054784879088e-07
9.999999403953552246e-01 1.499099289148375647e-09 2.113230257450027239e-09
1.012283901218324900e-04 8.250185783253982663e-05 9.998161792755126953e-01
2.999988100782502443e-05 1.431171881449699868e-06 9.999684691429138184e-01
1.683662048890255392e-05 9.999814629554748535e-01 1.706019475022912957e-06
9.999938607215881348e-01 5.241646249487530440e-06 8.592388667238992639e-07
2.021712134592235088e-04 6.978742476348998025e-06 9.997909069061279297e-01
1.162518348252206124e-08 9.999999403953552246e-01 1.941850846787218643e-10
9.998531341552734375e-01 1.363092678730026819e-06 1.455531164538115263e-04
9.999988675117492676e-01 8.340466450817984878e-08 9.623507821743260138e-07
9.999870657920837402e-01 5.048225830250885338e-06 7.820934115443378687e-06
7.780254236422479153e-07 2.556131164510588860e-07 9.999988675117492676e-01
4.542720969766378403e-03 9.688550829887390137e-01 2.660220675170421600e-02
1.621207275093183853e-06 9.999693036079406738e-01 2.899784522014670074e-05
9.999999403953552246e-01 1.543599414954854865e-10 1.169130903200255034e-09
2.500025038898456842e-05 7.804579581716097891e-06 9.999671578407287598e-01
1.710966825485229492e-01 3.645415306091308594e-01 4.643618464469909668e-01
5.873308982700109482e-03 9.939853549003601074e-01 1.413783757016062737e-04
3.213015152141451836e-04 3.742244839668273926e-01 6.254541873931884766e-01
5.223015353550408690e-10 9.999999403953552246e-01 7.624308823173109317e-11
5.147970114194322377e-06 9.999946951866149902e-01 1.679961485478997929e-07
7.257828256115317345e-04 1.695432001724839211e-04 9.991047382354736328e-01
6.736245694582976284e-08 4.154991017912834650e-08 9.999998211860656738e-01
9.999999403953552246e-01 2.982392111050558015e-11 4.548105815571634736e-12
1.737931597745046020e-05 9.993327260017395020e-01 6.498029688373208046e-04
1.735420152544975281e-02 3.879173891618847847e-05 9.826069474220275879e-01
9.997642040252685547e-01 1.247249883817858063e-06 2.345046086702495813e-04
1.954534354808856733e-06 9.999966025352478027e-01 1.461925421608611941e-06
9.996187090873718262e-01 9.870135727396700531e-06 3.713927580974996090e-04
9.999998211860656738e-01 6.403028152135448181e-08 4.127918451501955133e-09
1.100599638448329642e-05 3.406896951219096081e-07 9.999886155128479004e-01
3.259043751313583925e-06 2.359477093705208972e-07 9.999964833259582520e-01
4.662782885134220123e-05 3.310936153866350651e-05 9.999201893806457520e-01
1.879610467270254048e-09 1.329277043993215557e-08 9.999999403953552246e-01
2.697358603143129585e-08 9.999999403953552246e-01 8.083275382375632034e-09
9.991778731346130371e-01 7.435831503244116902e-05 7.477878243662416935e-04
2.951133183159981854e-06 9.999788403511047363e-01 1.811638685467187315e-05
4.254305531503632665e-05 9.863067134574521333e-06 9.999474883079528809e-01
1.409666583640500903e-04 2.381926549333002185e-07 9.998588562011718750e-01
3.903025572071783245e-06 1.270308445100454264e-07 9.999958872795104980e-01
1.165343075990676880e-01 8.746454715728759766e-01 8.820271119475364685e-03
9.999983906745910645e-01 3.625231670412176754e-08 1.492871888331137598e-06
9.999995827674865723e-01 1.612738600442753523e-07 2.773576568415592192e-07
1.219861860590754077e-05 1.070969943839372718e-07 9.999876618385314941e-01
1.849559794209199026e-06 9.999528527259826660e-01 4.519622598309069872e-05
3.209543706361728255e-07 1.277332671634212602e-06 9.999983906745910645e-01
9.999993443489074707e-01 5.726471954403677955e-07 3.304618800825664948e-08
4.569446202367544174e-03 9.899976849555969238e-01 5.432823672890663147e-03
9.999964833259582520e-01 2.718510359045467339e-06 7.332943141591385938e-07
3.502720594406127930e-01 1.905275322496891022e-02 6.306751966476440430e-01
4.148228617850691080e-05 2.329622220713645220e-04 9.997255802154541016e-01
4.040725252707488835e-05 2.103927363350521773e-05 9.999385476112365723e-01
1.029431447386741638e-01 6.793078035116195679e-02 8.291261196136474609e-01
4.521449682215461507e-06 9.999951720237731934e-01 2.352174419684160966e-07
5.870926543138921261e-05 9.993128180503845215e-01 6.283983821049332619e-04
3.245045445510186255e-05 9.999564290046691895e-01 1.113724192691734061e-05
9.999532103538513184e-01 1.800977588573005050e-05 2.868467709049582481e-05
4.638353857444599271e-06 9.999540448188781738e-01 4.125089617446064949e-05
1.099182114217001072e-07 2.298730450434049999e-08 9.999998211860656738e-01
2.326537668704986572e-02 9.767266511917114258e-01 8.033677659113891423e-06
9.999979138374328613e-01 1.254533003702817950e-06 6.720713940921996254e-07
3.422414707188181637e-08 9.420504376578264782e-09 9.999999403953552246e-01
2.339298887932272919e-08 9.999999403953552246e-01 5.433389294040580353e-09
9.999994635581970215e-01 2.366841123091489862e-08 4.528664874214882730e-07
9.999993443489074707e-01 4.960799060427234508e-07 1.633713679893844528e-07
9.999969601631164551e-01 2.065211674562306143e-06 9.061147920874645934e-07
9.962849020957946777e-01 2.356010954827070236e-04 3.479459090158343315e-03
9.999997019767761230e-01 2.906270708535885205e-07 1.636443758279426675e-10
1.508984132669866085e-03 9.984573721885681152e-01 3.353694410179741681e-05
6.042066961526870728e-04 9.993957281112670898e-01 1.408048877493683904e-08
6.219624629011377692e-05 1.543061080155894160e-04 9.997835159301757812e-01
2.356140349490942754e-08 2.549179711763827072e-08 9.999999403953552246e-01
1.568161824252456427e-04 2.783841864584246650e-06 9.998404979705810547e-01
9.999495148658752441e-01 9.202828550769481808e-06 4.127530337427742779e-05
9.999992251396179199e-01 5.975174985906051006e-07 1.387395514029776677e-07
4.050526136722965020e-09 9.999999403953552246e-01 5.333817276742536251e-10
9.999998211860656738e-01 5.565782945637920420e-09 8.309130095085492940e-08
9.341880513602518477e-07 9.999988675117492676e-01 1.103809452729365148e-07
6.270650192163884640e-05 9.995790123939514160e-01 3.583253710530698299e-04
9.999992251396179199e-01 5.323028631210036110e-07 2.260031237710791174e-07
2.657118439674377441e-01 2.138317096978425980e-03 7.321498394012451172e-01
9.999968409538269043e-01 5.697184519704023842e-07 2.555220362410182133e-06
5.919050890952348709e-04 9.993154406547546387e-01 9.258370118914172053e-05
9.945561885833740234e-01 3.164083750561985653e-07 5.443437956273555756e-03
9.936786227626726031e-06 2.215070708189159632e-06 9.999877810478210449e-01
6.933564691280480474e-07 9.999991059303283691e-01 1.298055707366074785e-07
3.982107443789573153e-07 7.212728974081983324e-07 9.999988675117492676e-01
3.538641035556793213e-01 5.509595870971679688e-01 9.517633169889450073e-02
9.714260507109884202e-09 9.999999403953552246e-01 4.403392317442467174e-09
9.999992251396179199e-01 7.234555710056156386e-07 3.134215020850206201e-08
1.132068376819006517e-07 5.492051968758460134e-08 9.999998211860656738e-01
1.707012864393675500e-09 9.999995827674865723e-01 3.980117071478161961e-07
3.009946376550942659e-04 9.993463158607482910e-01 3.526527725625783205e-04
1.671292120590806007e-03 5.689135789871215820e-01 4.294151663780212402e-01
4.021092649963975418e-07 9.999995827674865723e-01 9.591126115537917940e-09
3.959123860113322735e-04 9.981473684310913086e-01 1.456738682463765144e-03
2.286463427481066901e-07 9.999997019767761230e-01 4.874084780226439761e-08
1.127934510236627830e-07 9.999998211860656738e-01 3.059715325548495457e-08
9.996497631072998047e-01 1.103561589843593538e-04 2.398734795860946178e-04
9.999929070472717285e-01 5.523551408259663731e-06 1.550528963889519218e-06
9.934120178222656250e-01 5.043058877163275611e-07 6.587565876543521881e-03
2.968253800645470619e-03 3.670638834591954947e-04 9.966647028923034668e-01
1.562100806040689349e-05 3.866193765134084970e-06 9.999805092811584473e-01
1.154557196514360840e-07 9.999998211860656738e-01 3.063142983705802180e-08
9.999973177909851074e-01 1.415107135471771471e-06 1.222604055328702088e-06
9.999659657478332520e-01 3.214037133147940040e-05 1.732169380375125911e-06
3.065955825150012970e-04 1.566374703543260694e-04 9.995366930961608887e-01
1.334227708866819739e-04 2.162822966056410223e-06 9.998643398284912109e-01
9.999999403953552246e-01 1.749809719342465542e-08 4.599866798571383697e-08
1.220707129687070847e-02 9.640734060667455196e-05 9.876965880393981934e-01
8.890012992424090044e-08 2.675212495972800752e-09 9.999998211860656738e-01
1.619601680431514978e-04 2.801826849463395774e-05 9.998099803924560547e-01
7.903623918537050486e-05 6.001388464937917888e-05 9.998610019683837891e-01
9.991139173507690430e-01 3.807110770139843225e-04 5.053129862062633038e-04
3.343630261554153549e-09 9.999999403953552246e-01 2.077262806210455892e-10
4.845184683799743652e-01 4.870348870754241943e-01 2.844663709402084351e-02
3.344844153616577387e-04 4.053697455674409866e-03 9.956116676330566406e-01
6.432921964005799964e-07 9.999993443489074707e-01 4.226212269031748292e-08
3.451897043760254746e-07 9.999995827674865723e-01 3.122693570389856177e-08
9.039488446660470800e-08 2.980576851996374899e-08 9.999998211860656738e-01
1.378304318677692208e-06 1.457606344956730027e-06 9.999970793724060059e-01
1.012100092623313685e-08 4.306956213895318797e-08 9.999999403953552246e-01
4.852157417190028355e-06 1.250061956170611666e-07 9.999949336051940918e-01
1.659777597524225712e-03 9.982861280441284180e-01 5.414548286353237927e-05
9.999957680702209473e-01 3.918170477845706046e-06 2.790966675547679188e-07
9.999998211860656738e-01 1.450569158123471425e-07 8.859184497111982637e-09
9.999988675117492676e-01 8.379424230042786803e-07 1.791579506971174851e-07
9.985735416412353516e-01 9.288814035244286060e-04 4.975697956979274750e-04
3.371618220171512803e-07 9.999994635581970215e-01 8.031546627762509161e-08
6.890283839311450720e-05 6.320471584331244230e-06 9.999247193336486816e-01
9.999999403953552246e-01 4.297339017966805841e-08 3.463510012124970672e-08
9.999997019767761230e-01 1.091243451156742594e-08 2.316486416020779870e-07
1.893777152872644365e-06 1.039079844389334539e-08 9.999980330467224121e-01
3.140472108498215675e-03 2.303928922628983855e-04 9.966290593147277832e-01
1.214177464134991169e-03 9.964557290077209473e-01 2.330290386453270912e-03
3.359056790941394866e-05 9.999660849571228027e-01 2.571521520167152630e-07
8.921431899070739746e-01 8.807080984115600586e-02 1.978599280118942261e-02
9.999993443489074707e-01 4.508028439431654988e-07 1.335872639174340293e-07
8.932290947996079922e-04 1.360066118650138378e-03 9.977467060089111328e-01
5.593989271801547147e-07 9.999993443489074707e-01 9.648536192230494635e-09
9.998872876167297363e-01 1.940575344860917539e-08 1.125853523262776434e-04
9.999997019767761230e-01 1.987249049761885544e-07 3.796947822820584406e-08
9.999999403953552246e-01 3.205654186544393269e-09 3.249019941975461734e-09
5.204597863794901969e-10 9.999999403953552246e-01 1.369249713611964125e-10
5.766884214608580805e-07 9.999992251396179199e-01 7.915733135632763151e-08
3.594640656956471503e-05 9.998626708984375000e-01 1.012890134006738663e-04
9.754298925399780273e-01 2.513846266083419323e-05 2.454502321779727936e-02
9.999999403953552246e-01 1.330642956931527010e-10 1.108452565845574611e-10
9.999998211860656738e-01 7.087195541544133448e-08 4.888103699585144568e-09
1.227285247296094894e-03 9.987603425979614258e-01 1.236709886143216863e-05
4.180962059763260186e-05 2.804256975650787354e-02 9.719156622886657715e-01
2.352058885435326374e-07 9.999994635581970215e-01 2.681395585568679962e-07
9.985729455947875977e-01 1.407143543474376202e-03 1.989164047699887305e-05
9.999986290931701660e-01 6.625319315389788244e-07 6.495984052889980376e-07
2.181112677135388367e-06 1.419549846559675643e-07 9.999976754188537598e-01
9.999985098838806152e-01 6.863004387014370877e-07 6.951755153750127647e-07
2.220933092758059502e-03 9.628869891166687012e-01 3.489186987280845642e-02
9.999988675117492676e-01 5.837637218064628541e-07 4.900547878605721053e-07
7.104395626811310649e-05 9.999122023582458496e-01 1.670447272772435099e-05
1.093408837914466858e-01 5.429876968264579773e-03 8.852292895317077637e-01
9.999789595603942871e-01 5.211810730543220416e-06 1.571283974044490606e-05
2.393050806404062314e-07 9.999997019767761230e-01 8.986414279377186176e-09
6.659426787791744573e-09 1.360264678673672734e-09 9.999999403953552246e-01
6.592215504497289658e-04 2.553123049437999725e-04 9.990854263305664062e-01
9.999918341636657715e-01 5.975042768113780767e-06 2.115926690748892725e-06
3.124474456939196898e-09 9.999999403953552246e-01 1.484780076665970228e-09
1.674427835496317130e-06 5.259018465153530997e-08 9.999982714653015137e-01
1.833647274906979874e-06 8.453156965515518095e-07 9.999973177909851074e-01
9.999611973762512207e-01 3.814943920588120818e-05 5.842747441420215182e-07
9.999802708625793457e-01 3.591682684600527864e-08 1.968702054000459611e-05
3.851756957828911254e-08 9.999998211860656738e-01 6.134637686727728578e-08
4.759446892421692610e-04 9.994541406631469727e-01 6.979895988479256630e-05
9.629094004631042480e-01 3.589680045843124390e-02 1.193746691569685936e-03
8.933628123486414552e-05 1.826298830565065145e-05 9.998922944068908691e-01
9.999894499778747559e-01 1.041474297380773351e-05 1.204254829190176679e-07
4.295436184520440293e-08 9.999994635581970215e-01 4.229319472415227210e-07
9.999634623527526855e-01 3.484406624920666218e-05 1.719757619866868481e-06
9.999991059303283691e-01 8.510465931976796128e-07 3.738186293844592001e-08
9.966727495193481445e-01 3.320381511002779007e-03 6.875939106976147741e-06
2.206446952186524868e-04 1.170508185168728232e-04 9.996622800827026367e-01
9.997894763946533203e-01 1.749149814713746309e-04 3.566844679880887270e-05
5.324231096892617643e-06 9.999805092811584473e-01 1.408696243743179366e-05
9.999999403953552246e-01 1.427502205331165896e-08 2.086835415582299902e-08
5.879352241754531860e-02 4.527419514488428831e-04 9.407537579536437988e-01
9.999999403953552246e-01 1.922335179926903947e-09 1.668435345436591888e-08
9.999701380729675293e-01 1.910655919346027076e-05 1.070737835107138380e-05
4.589707280899801844e-09 9.999999403953552246e-01 2.440634916389683440e-10
9.999967217445373535e-01 4.799612440820055781e-08 3.277277528468403034e-06
1.048572517703405538e-08 9.999999403953552246e-01 1.557841633470502529e-09
1.707987487316131592e-02 9.741058945655822754e-01 8.814251981675624847e-03
1.674500822446134407e-06 2.321230567758902907e-07 9.999980330467224121e-01
9.999999403953552246e-01 7.879893959561456995e-10 1.873205057734139700e-08
1.791664914208013215e-07 9.999988675117492676e-01 7.948193569973227568e-07
9.975702166557312012e-01 5.034195510233985260e-06 2.424817997962236404e-03
9.999982714653015137e-01 1.883980900174719864e-07 1.476598299632314593e-06
4.475644800550071523e-06 9.999886155128479004e-01 6.852848400740185753e-06
3.004119098186492920e-01 3.819499909877777100e-01 3.176379799842834473e-01
7.284160119525040500e-08 4.595814928620711726e-08 9.999998211860656738e-01
9.998266696929931641e-01 7.556052878499031067e-05 9.778175444807857275e-05
3.686251147883012891e-06 1.656494674762143404e-07 9.999961256980895996e-01
3.608122511877809302e-08 9.999999403953552246e-01 1.734861032609558151e-09
1.695515857136342674e-05 9.999801516532897949e-01 2.811661033774726093e-06
3.918390518720116233e-07 9.999409317970275879e-01 5.861560202902182937e-05
4.883317276835441589e-03 9.892514348030090332e-01 5.865288898348808289e-03
9.999995827674865723e-01 2.027826013772937586e-07 7.591378192728370777e-08
9.885077815852127969e-06 9.999889731407165527e-01 1.017858949126093648e-06
3.734158815493771044e-10 9.999999403953552246e-01 1.138533800570940002e-08
9.890040786331155687e-08 9.999998211860656738e-01 6.187170220606219573e-10
9.997663497924804688e-01 8.947158494265750051e-05 1.441388885723426938e-04
9.998912215232849121e-01 1.838634852902032435e-05 9.040407894644886255e-05
1.104553515318684731e-08 9.999999403953552246e-01 4.100050854383141541e-11
4.607364871844765730e-07 1.221231968884239905e-07 9.999993443489074707e-01
1.149947056546807289e-04 9.995402693748474121e-01 3.446708724368363619e-04
2.576977385615464300e-05 9.999739527702331543e-01 1.997376131157579948e-07
9.999931454658508301e-01 6.030908025422831997e-06 6.920060968695906922e-07
6.737654621247202158e-05 9.997345209121704102e-01 1.982417597901076078e-04
7.803502199976719567e-08 2.941887977669921383e-08 9.999998211860656738e-01
8.358907166439166758e-07 9.999982714653015137e-01 8.452375368506181985e-07
8.581229948845248146e-09 9.999999403953552246e-01 3.642908474876804803e-10
4.285409147541940911e-07 9.999602437019348145e-01 3.919094524462707341e-05
7.764663547277450562e-03 6.745941936969757080e-02 9.247758984565734863e-01
1.420173362021159846e-06 9.999967217445373535e-01 1.804724092835385818e-06
3.137070234515704215e-05 1.667103333602426574e-06 9.999669194221496582e-01
6.391164788510650396e-07 9.999987483024597168e-01 6.357323627526056953e-07
1.014248300634790212e-05 7.251195711432956159e-06 9.999825358390808105e-01
9.196252226829528809e-01 3.627721889642998576e-05 8.033841103315353394e-02
1.073995954357087612e-03 3.129406104562804103e-05 9.988948106765747070e-01
2.611264120787382126e-03 9.827380180358886719e-01 1.465060934424400330e-02
9.999920725822448730e-01 1.412954134138999507e-06 6.398455752787413076e-06
5.548439366975799203e-05 2.360464895900804549e-05 9.999209046363830566e-01
3.371618220171512803e-07 9.999994635581970215e-01 8.031546627762509161e-08
3.009264304409953183e-08 9.999999403953552246e-01 5.259884749975185514e-10
9.987189173698425293e-01 3.525710098983836360e-06 1.277441740967333317e-03
5.191424861550331116e-05 4.151456960244104266e-05 9.999064803123474121e-01
2.704885559978720266e-08 9.999999403953552246e-01 1.362339241417487301e-09
3.332388354465365410e-03 9.965962171554565430e-01 7.132138853194192052e-05
9.991618990898132324e-01 2.460074028931558132e-07 8.378506172448396683e-04
2.083108130435107341e-09 9.999999403953552246e-01 2.083997280299954014e-10
9.999254345893859863e-01 1.065828382706968114e-05 6.387674511643126607e-05
1.174689785443661094e-07 9.999998211860656738e-01 4.533979591769821127e-08
1.008800417184829712e-02 1.069444231688976288e-03 9.888423681259155273e-01
7.305677980184555054e-02 1.121468244491552468e-06 9.269421100616455078e-01
6.004788247082615271e-06 6.616911463197538978e-08 9.999938607215881348e-01
9.999700188636779785e-01 2.884572313632816076e-05 1.074050828719919082e-06
9.999999403953552246e-01 2.439406454612935704e-10 5.969829491858646975e-11
5.941648396401433274e-06 9.999938607215881348e-01 9.765051345311803743e-08
1.360556467489004717e-07 9.999998211860656738e-01 1.627688095418022840e-09
1.626243465580046177e-05 9.999833703041076660e-01 3.104792369867936941e-07
1.444550929591059685e-03 9.485110044479370117e-01 5.004431679844856262e-02
1.419744491577148438e-01 1.183065958321094513e-02 8.461949229240417480e-01
1.934352127364036278e-07 4.595227380832511699e-07 9.999993443489074707e-01
1.466847243136726320e-05 7.473044388461858034e-05 9.999105334281921387e-01
9.999703764915466309e-01 2.918600876000709832e-05 3.706123266056238208e-07
9.998028278350830078e-01 1.491535513196140528e-04 4.814283238374628127e-05
7.874248808548145462e-09 9.999999403953552246e-01 5.194943142328156682e-08
6.480300362454727292e-05 1.093936134566320106e-06 9.999340176582336426e-01
2.120438722386097652e-07 9.999995827674865723e-01 1.045640800612090970e-07
2.607998226267227437e-07 9.999864697456359863e-01 1.328609778283862397e-05
9.999346137046813965e-01 4.295971302781254053e-05 2.242251866846345365e-05
4.257206455804407597e-06 2.483008643139328342e-07 9.999954104423522949e-01
5.665024005452323763e-09 1.020725406419842329e-07 9.999998211860656738e-01
2.815766543540210165e-11 9.999999403953552246e-01 5.556208293455711100e-08
7.316519656797026983e-08 8.392683881197626761e-09 9.999998211860656738e-01
9.999925494194030762e-01 4.978545803169254214e-06 2.332632220714003779e-06
9.999881386756896973e-01 7.608236501255305484e-06 4.118215656490065157e-06
2.525954507291316986e-03 9.883882999420166016e-01 9.085695259273052216e-03
6.073762051528319716e-05 6.997924629104090855e-06 9.999322295188903809e-01
9.999995827674865723e-01 2.404825920621078694e-07 1.622036478465815890e-07
4.456679162103682756e-04 1.416550458088750020e-05 9.995401501655578613e-01
9.999679923057556152e-01 4.351245479483623058e-06 2.751189276750665158e-05
9.349225251753523480e-07 9.999950528144836426e-01 3.977699634560849518e-06
2.426604078209493309e-05 8.232277650677133352e-07 9.999749064445495605e-01
6.168323238853190560e-07 1.333718699925157125e-07 9.999992251396179199e-01
2.446080671347772295e-08 9.999999403953552246e-01 2.386447661706370127e-08
1.739477179944515228e-02 3.710054606199264526e-02 9.455046653747558594e-01
1.751186326146125793e-03 9.982019066810607910e-01 4.700848876382224262e-05
5.472958491736790165e-06 1.228312726198055316e-06 9.999932646751403809e-01
9.994019269943237305e-01 2.039399987552314997e-04 3.939888847526162863e-04
9.999945759773254395e-01 5.387657893152208999e-06 1.854640885312619503e-08
2.062373096123337746e-04 9.997906684875488281e-01 3.165562247886555269e-06
1.031151186907663941e-04 9.992355108261108398e-01 6.612871657125651836e-04
9.727849364280700684e-01 3.839744604192674160e-04 2.683107927441596985e-02
1.798367676997258968e-08 2.715905944583596465e-09 9.999999403953552246e-01
8.444233536720275879e-01 1.555641144514083862e-01 1.251482444786233827e-05
2.613061480224132538e-02 9.698050022125244141e-01 4.064429551362991333e-03
6.935935061846976168e-07 7.566134172520833090e-07 9.999985098838806152e-01
3.554619848728179932e-03 2.310822308063507080e-01 7.653630971908569336e-01
3.287817817181348801e-03 3.394974395632743835e-02 9.627624154090881348e-01
9.579969337210059166e-04 1.022835844196379185e-03 9.980192184448242188e-01
5.073007638967119703e-11 9.999999403953552246e-01 3.875832814415058891e-12
9.999999403953552246e-01 3.441461560171887868e-09 3.499647860394361487e-08
1.390489390296067995e-09 9.999999403953552246e-01 2.551182376464566914e-09
1.814666575228329748e-05 4.961649756296537817e-05 9.999322295188903809e-01
9.098498412640765309e-05 2.894439239753410220e-05 9.998800158500671387e-01
2.649838097568135709e-05 3.400551941012963653e-05 9.999393820762634277e-01
1.011763470160076395e-05 3.555494004103820771e-06 9.999862313270568848e-01
3.035707152321265312e-07 5.493580488291627262e-07 9.999991059303283691e-01
9.999994635581970215e-01 9.164322278820691281e-08 3.104868824266304728e-07
4.689911037303318153e-08 9.999999403953552246e-01 2.830651546492646276e-10
3.995425868197344244e-05 1.398771587446390186e-07 9.999598860740661621e-01
6.539900823554489762e-06 9.999933838844299316e-01 1.221630618886138109e-08
1.529974298364322749e-07 9.999995827674865723e-01 2.001351475655610557e-07
9.999555945396423340e-01 1.241547943209297955e-05 3.195068347849883139e-05
3.313177525997161865e-01 7.693661842495203018e-03 6.609885096549987793e-01
9.998612403869628906e-01 3.379867848707363009e-06 1.354189444100484252e-04
6.139772012829780579e-03 9.938353300094604492e-01 2.487758138158824295e-05
1.260665726476872806e-06 3.800740557835524669e-07 9.999982714653015137e-01
6.273206398788033766e-09 9.999999403953552246e-01 3.106368717809004920e-09
9.999998211860656738e-01 2.700828005686162214e-08 1.395842303963945596e-07
8.211305839722626843e-07 3.822763616767588246e-08 9.999991059303283691e-01
4.783532290275616106e-07 2.798871321374463150e-07 9.999992251396179199e-01
2.423021942377090454e-05 1.228762994287535548e-05 9.999634623527526855e-01
6.923192995600402355e-04 9.908191561698913574e-01 8.488526567816734314e-03
8.540654903299582656e-07 3.769079270909969637e-08 9.999991059303283691e-01
9.997708797454833984e-01 2.248542732559144497e-04 4.158951469435123727e-06
5.296732297210837714e-07 9.999993443489074707e-01 6.429226573345658835e-08
9.996676445007324219e-01 2.218026347691193223e-04 1.105543778976425529e-04
9.999986290931701660e-01 1.918746619367084350e-07 1.123936044677975588e-06
9.999999403953552246e-01 4.075666026892577065e-09 8.282323271657787700e-09
2.656146762092248537e-06 7.128198831196641549e-07 9.999966025352478027e-01
1.061978949223885138e-09 9.999999403953552246e-01 1.560891520202556393e-11
1.604139221456080122e-08 2.593227854674751143e-08 9.999999403953552246e-01
9.999927878379821777e-01 3.647276798801613040e-06 3.402963784537860192e-06
3.836995165329426527e-05 3.759973651540349238e-06 9.999578595161437988e-01
4.672063369071111083e-06 1.870155301730846986e-07 9.999950528144836426e-01
7.058714800223242491e-06 2.486563971615396440e-05 9.999679923057556152e-01
9.999999403953552246e-01 2.934854670400000032e-08 6.606266644837432978e-09
6.534536396429757588e-07 9.999992251396179199e-01 1.412413865864436957e-07
9.997395277023315430e-01 2.506637538317590952e-04 9.915766895574051887e-06
9.997730255126953125e-01 5.887521297154307831e-07 2.264318754896521568e-04
9.999994635581970215e-01 1.449060249569811276e-07 3.595475277506920975e-07
9.999999403953552246e-01 7.865898488113032272e-10 1.772445412662193576e-09
1.280797719955444336e-01 1.378036737442016602e-01 7.341164946556091309e-01
1.321381114394171163e-05 2.784618345685885288e-06 9.999839663505554199e-01
3.072816252824850380e-05 1.273155703529482707e-05 9.999564290046691895e-01
7.994654588401317596e-04 6.816557288402691483e-05 9.991322755813598633e-01
2.712187706492841244e-04 9.996678829193115234e-01 6.091168688726611435e-05
2.332497388124465942e-01 7.932522147893905640e-02 6.874250173568725586e-01
9.934800863265991211e-01 1.459070917917415500e-04 6.374048069119453430e-03
5.931441933171299752e-07 5.357484056389694160e-08 9.999993443489074707e-01
9.981443881988525391e-01 5.601868033409118652e-04 1.295399270020425320e-03
9.999979138374328613e-01 1.514871428298647515e-06 4.326900295836821897e-07
2.370864109479953186e-07 9.999997019767761230e-01 4.767801442540076096e-08
1.100245526686194353e-06 9.999973177909851074e-01 1.509039407210366335e-06
1.060354861692758277e-06 2.680176294234115630e-07 9.999986290931701660e-01
2.622671217977767810e-06 9.999973177909851074e-01 7.684871405899684760e-09
8.992475457489490509e-03 6.671153008937835693e-03 9.843363761901855469e-01
2.802299725601642422e-09 9.999999403953552246e-01 1.313866931917928582e-10
4.581768735079094768e-06 3.913578893843805417e-06 9.999914765357971191e-01
9.999991059303283691e-01 4.659291619191208156e-07 3.798627687956468435e-07
1.769524146766343620e-06 9.999853968620300293e-01 1.272400004381779581e-05
1.685335446381941438e-04 3.196346369804814458e-05 9.997994899749755859e-01
9.999968409538269043e-01 7.289933989795827074e-08 3.000157448695972562e-06
8.081433922052383423e-02 2.814014554023742676e-01 6.377841234207153320e-01
4.818604537604187499e-08 9.999997019767761230e-01 2.814571473663818324e-07
1.576872600708156824e-04 3.388266486581414938e-05 9.998085498809814453e-01
9.999999403953552246e-01 5.822675674949095992e-09 1.791981008025800293e-09
5.220579737397201825e-07 9.999993443489074707e-01 1.555792010776713141e-07
9.766757102624978870e-06 9.999901652336120605e-01 1.136968919013270352e-08
2.700864172311412403e-07 4.928755288347019814e-07 9.999992251396179199e-01
1.566206483403220773e-04 1.239107064066047315e-06 9.998421669006347656e-01
2.714744540277536089e-10 9.999999403953552246e-01 3.904075673855089690e-10
7.873546081782478723e-08 2.330663129157528601e-08 9.999998211860656738e-01
5.510825076271430589e-07 9.999937415122985840e-01 5.647623311233473942e-06
1.083786810340825468e-05 2.238004128685133765e-07 9.999888539314270020e-01
9.999998211860656738e-01 3.895822686672545387e-08 8.877237434035123442e-08
7.841115490236916230e-08 9.999998211860656738e-01 2.690206102329284477e-08
2.762645445741895855e-09 9.999999403953552246e-01 4.317869173320332266e-09
2.057259553112089634e-05 9.999789595603942871e-01 3.043188314677536255e-07
1.793170122255105525e-05 1.313238135480787605e-05 9.999688267707824707e-01
1.487340881567433826e-07 9.999998211860656738e-01 4.431679556660128583e-08
2.773252028021033766e-08 9.999975562095642090e-01 2.383851324339048006e-06
9.991477131843566895e-01 8.459192467853426933e-04 6.307289822871098295e-06
1.032648739851538267e-07 3.227601723665429745e-07 9.999994635581970215e-01
4.043817725118969975e-09 9.999999403953552246e-01 7.694483272757679515e-09
9.999138712882995605e-01 8.439074008492752910e-05 1.667625497248081956e-06
9.992415904998779297e-01 5.214942939346656203e-05 7.062458898872137070e-04
3.245045445510186255e-05 9.999564290046691895e-01 1.113724192691734061e-05
2.545200672443570511e-08 9.999999403953552246e-01 4.875489523215037480e-08
6.125444997451268137e-06 5.058094757259823382e-06 9.999887347221374512e-01
9.971101880073547363e-01 1.769307884387671947e-03 1.120448810979723930e-03
9.999626278877258301e-01 3.645367542048916221e-05 8.442858074886316899e-07
9.999818205833435059e-01 1.099831479223212227e-05 7.122871465981006622e-06
9.999943375587463379e-01 5.493646312970668077e-06 1.638467637121721054e-07
4.854890448768856004e-06 7.645396635780343786e-07 9.999943375587463379e-01
3.245045445510186255e-05 9.999564290046691895e-01 1.113724192691734061e-05
1.304647685174131766e-05 9.999442696571350098e-01 4.268471093382686377e-05
6.129514531494351104e-07 1.035245304592535831e-06 9.999982714653015137e-01
4.077498614788055420e-01 1.299301087856292725e-01 4.623199999332427979e-01
9.999998211860656738e-01 8.724252609226823552e-08 4.126446295771302175e-09
2.277678698301315308e-01 2.873820485547184944e-03 7.693582177162170410e-01
8.015500498004257679e-04 9.161534835584461689e-04 9.982823133468627930e-01
9.999966025352478027e-01 4.190380025193007896e-07 2.804666337397065945e-06
5.097267035125696566e-07 1.211430685543746222e-06 9.999982714653015137e-01
5.153917300049215555e-06 7.105043096089502797e-06 9.999876618385314941e-01
3.371618220171512803e-07 9.999994635581970215e-01 8.031546627762509161e-08
9.999940991401672363e-01 2.715793470997596160e-06 3.115074378001736477e-06
4.345194436609745026e-03 9.092150330543518066e-01 8.643969148397445679e-02
1.380169851472601295e-04 9.549937203701119870e-06 9.998524188995361328e-01
1.929583504534093663e-06 3.690712162551790243e-07 9.999976754188537598e-01
9.999999403953552246e-01 2.640655161201266310e-08 1.013345407585575231e-09
9.999966025352478027e-01 2.700848199310712516e-06 5.652135541822644882e-07
9.999999403953552246e-01 2.069947946381489601e-08 4.863617508732431816e-09
3.777430720219854265e-06 3.829784418485360220e-06 9.999923110008239746e-01
9.999938607215881348e-01 5.805339242215268314e-06 2.048327729653465212e-07
5.466111563379172367e-09 9.999999403953552246e-01 2.521667097354907128e-09
9.999091029167175293e-01 9.024641622090712190e-05 5.816203838548972271e-07
9.384664735989645123e-06 9.999900460243225098e-01 4.762499941080022836e-07
1.956800115294754505e-04 9.997980594635009766e-01 6.343860604829387739e-06
1.206256565637886524e-04 5.370583949115825817e-06 9.998741149902343750e-01
1.610995070677745389e-08 6.255042594993653893e-10 9.999999403953552246e-01
9.999986290931701660e-01 8.165166605067497585e-07 4.267994313522649463e-07
3.591845234041102231e-05 9.999639391899108887e-01 1.294528715334308799e-07
7.820002734661102295e-03 3.358714282512664795e-02 9.585928916931152344e-01
9.999997019767761230e-01 8.982494392739681643e-08 1.598894954213392339e-07
9.999987483024597168e-01 1.045806925503711682e-06 1.619932845642324537e-07
9.999998211860656738e-01 6.073734937217523111e-08 2.895039541428445773e-09
9.982055425643920898e-01 1.578901079483330250e-03 2.154448593501001596e-04
9.999912381172180176e-01 7.026251296338159591e-06 1.632959879316331353e-06
9.999997019767761230e-01 9.049820448581158416e-08 8.531001327582998783e-08
5.038610100746154785e-01 2.912604948505759239e-03 4.932264089584350586e-01
9.999982714653015137e-01 5.123662845107901376e-07 1.211562448588665575e-06
5.466612055897712708e-03 9.943490624427795410e-01 1.842669298639521003e-04
1.865945705503690988e-05 4.731008448288775980e-05 9.999340176582336426e-01
5.272966882330365479e-05 5.002088146284222603e-04 9.994469881057739258e-01
1.036765985190868378e-02 4.454697482287883759e-03 9.851775765419006348e-01
5.489759047350162291e-08 9.999999403953552246e-01 9.370148212894946482e-09
4.350300386590788548e-08 1.010027332881691109e-07 9.999998211860656738e-01
4.807016580343770329e-07 9.999994635581970215e-01 6.293048748773344414e-09
3.371618220171512803e-07 9.999994635581970215e-01 8.031546627762509161e-08
9.989817142486572266e-01 9.782596025615930557e-04 3.995730003225617111e-05
9.999995827674865723e-01 1.405641825158454594e-07 2.272064705266529927e-07
6.938023940084026009e-12 9.999999403953552246e-01 1.760220007945845211e-12
2.400970879534725100e-05 2.695462026167660952e-04 9.997065067291259766e-01
1.001777582132490352e-05 9.999875426292419434e-01 2.428480911476071924e-06
9.999998211860656738e-01 6.401160135283134878e-08 1.494839141358283996e-09
9.999747872352600098e-01 1.912194420583546162e-05 6.116323220339836553e-06
2.383026527240872383e-03 9.976004958152770996e-01 1.636325032450258732e-05
7.627726894554598402e-09 9.999989867210388184e-01 1.001395048660924658e-06
4.264084509486565366e-06 4.809219831258815248e-07 9.999951720237731934e-01
5.909819155931472778e-04 4.049959592521190643e-03 9.953589439392089844e-01
2.403848047833889723e-04 2.814922947436571121e-03 9.969447851181030273e-01
2.957222688948490941e-09 9.999999403953552246e-01 8.156495479028080808e-10
9.998104572296142578e-01 4.570313649310264736e-06 1.851407141657546163e-04
4.789872036781162024e-05 9.006500363284430932e-07 9.999511837959289551e-01
3.373388026375323534e-04 9.045505976246204227e-06 9.996535778045654297e-01
1.268657143782547791e-07 2.215373839931089606e-08 9.999998211860656738e-01
3.086567801346973283e-07 3.143465931998434826e-08 9.999995827674865723e-01
9.999999403953552246e-01 8.131594841920275485e-10 7.546089975107861392e-09
9.999999403953552246e-01 2.971720203248651160e-09 3.067210929685870724e-09
8.556814864277839661e-04 1.143526169471442699e-03 9.980008006095886230e-01
4.855034351348876953e-01 1.870010793209075928e-01 3.274953663349151611e-01
1.085949534740393574e-07 9.999998211860656738e-01 9.101245090903375967e-09
4.586972011111356551e-07 9.999960064888000488e-01 3.425251861699507572e-06
1.667220567469485104e-05 9.999604821205139160e-01 2.276224768138490617e-05
2.082907144540513400e-07 9.999997019767761230e-01 3.843896578814565146e-08
1.371272873029738548e-07 9.999985098838806152e-01 1.299240693697356619e-06
9.999957680702209473e-01 3.760134177355212159e-06 3.476565950677468209e-07
9.903278350830078125e-01 8.511803112924098969e-03 1.160226645879447460e-03
9.999994635581970215e-01 3.040601939119369490e-07 7.888996833571582101e-08
9.999698996543884277e-01 2.655259231687523425e-05 3.447341669016168453e-06
1.572923792991787195e-05 7.669192427783855237e-07 9.999834895133972168e-01
9.969004392623901367e-01 1.512789594926289283e-06 3.098091110587120056e-03
4.355094347374688368e-07 9.999992251396179199e-01 2.050695826483206474e-07
2.785585448145866394e-02 5.110749157211103011e-07 9.721436500549316406e-01
8.255294403625157429e-08 9.999998211860656738e-01 2.457205106054516364e-08
9.999960064888000488e-01 3.778312930080574006e-06 7.094295995102584129e-08
9.827903704717755318e-05 3.313787165097892284e-04 9.995703101158142090e-01
5.617657303810119629e-01 1.357301254756748676e-03 4.368769824504852295e-01
9.999995827674865723e-01 9.762760555531713180e-08 2.793861426653165836e-07
6.168874733702978119e-06 1.863779408584065322e-10 9.999937415122985840e-01
1.757301681948320038e-08 9.999999403953552246e-01 1.283407380370249484e-09
6.295634433627128601e-03 9.937031269073486328e-01 1.181526613436290063e-06
3.181612328262417577e-06 5.232935151866513479e-08 9.999967217445373535e-01
9.999999403953552246e-01 1.749720160426626592e-11 5.686627210788053333e-11
1.641666400246322155e-03 9.982049465179443359e-01 1.533610338810831308e-04
9.999936223030090332e-01 1.664109163357352372e-06 4.685670774051686749e-06
9.814066714852742734e-08 9.999997019767761230e-01 1.725013163422772777e-07
1.655145169934257865e-04 7.479005034838337451e-06 9.998271465301513672e-01
1.291987858712673187e-02 6.258650217205286026e-03 9.808213114738464355e-01
1.022935157379833981e-05 9.999315142631530762e-01 5.818370482302270830e-05
8.883959650993347168e-01 1.666936674155294895e-03 1.099370345473289490e-01
8.953609381689986435e-11 2.394848763742629671e-10 9.999999403953552246e-01
9.999977946281433105e-01 1.820076249714475125e-06 4.077640198829612928e-07
9.999998211860656738e-01 2.306284052622231684e-08 7.631506804273158195e-08
9.836742877960205078e-01 4.938626661896705627e-03 1.138689927756786346e-02
9.999999403953552246e-01 2.714783420287858462e-08 8.727210953907160729e-09
8.156735930242575705e-06 9.997355937957763672e-01 2.563944726716727018e-04
9.999999403953552246e-01 1.967663143531694914e-09 2.467395399108340825e-09
8.783212251728400588e-06 3.852634904433216434e-07 9.999907612800598145e-01
3.909131464752135798e-06 9.999958872795104980e-01 1.569139271850872319e-07
9.999576210975646973e-01 1.674174541221873369e-06 4.068624548381194472e-05
9.999991059303283691e-01 2.324806445130889188e-07 5.420999968919204548e-07
3.358374442541389726e-06 4.059122602484421805e-07 9.999961256980895996e-01
6.474389024901938683e-09 1.268772820139929536e-08 9.999999403953552246e-01
9.999994635581970215e-01 1.807432425948718446e-07 2.401186236511421157e-07
2.799890319593600907e-09 9.999999403953552246e-01 3.513649649011796328e-10
9.999355673789978027e-01 2.247473457828164101e-05 4.186369915260002017e-05
1.320734590990468860e-04 9.646487236022949219e-01 3.521912544965744019e-02
1.870240521384403110e-04 9.997453689575195312e-01 6.766692240489646792e-05
5.403844127727097657e-08 9.999999403953552246e-01 4.041689649625368475e-09
9.500295661268864933e-09 9.999999403953552246e-01 8.174760174339823493e-11
3.371618220171512803e-07 9.999994635581970215e-01 8.031546627762509161e-08
3.669872057798784226e-06 9.999956488609313965e-01 6.460971349042665679e-07
1.762974170560482889e-05 1.419073396391468123e-05 9.999681115150451660e-01
1.401801057454576949e-07 9.999946951866149902e-01 5.149880507815396413e-06
5.140949724591337144e-06 1.047697892886390036e-07 9.999946951866149902e-01
3.681891769247158663e-07 2.497799833633962407e-08 9.999995827674865723e-01
8.883959650993347168e-01 1.666936674155294895e-03 1.099370345473289490e-01
9.999999403953552246e-01 6.262028673376107690e-09 2.301435153562181313e-10
3.359202196406840812e-07 9.999989867210388184e-01 5.369761311158072203e-07
1.419890671968460083e-01 4.627168178558349609e-01 3.952940404415130615e-01
4.968919853354236693e-08 9.999999403953552246e-01 3.811445736801033490e-08
1.226731569659023080e-07 9.999998211860656738e-01 1.034777485919846640e-09
1.159990503651897598e-07 3.425235561849149235e-08 9.999998211860656738e-01
4.639068296174997386e-11 9.999999403953552246e-01 2.413572813830811015e-13
9.370362022309564054e-06 3.236058182665146887e-05 9.999582171440124512e-01
2.239803969860076904e-02 9.326813817024230957e-01 4.492042213678359985e-02
9.997766017913818359e-01 1.875816815299913287e-04 3.582207136787474155e-05
9.999873042106628418e-01 1.158295799541519955e-05 1.071566771315701772e-06
5.980158457532525063e-04 3.720106178661808372e-05 9.993647933006286621e-01
3.052592774110962637e-07 2.179115199396619573e-07 9.999994635581970215e-01
9.563125331624178216e-07 1.097205881706031505e-07 9.999988675117492676e-01
3.581102355383336544e-04 5.355004304874455556e-06 9.996365308761596680e-01
4.216834170733818610e-08 9.999999403953552246e-01 1.078830247358553152e-09
9.999994635581970215e-01 6.682342501562743564e-08 4.047639663440349977e-07
5.197265181777765974e-06 7.176624450266899657e-08 9.999946951866149902e-01
1.504533574916422367e-04 1.770262997524696402e-06 9.998478889465332031e-01
9.999999403953552246e-01 2.040069269071409508e-08 3.745359578033458092e-09
8.613855838775634766e-01 1.095531806349754333e-01 2.906125783920288086e-02
9.999758601188659668e-01 4.415408511704299599e-06 1.970849916688166559e-05
7.807131829906666098e-09 9.999999403953552246e-01 5.075507236718124204e-10
9.298514669353608042e-06 1.241014979314059019e-05 9.999782443046569824e-01
1.033176630735397339e-01 8.966706395149230957e-01 1.168205290014157072e-05
9.789752766664605588e-06 1.247215948296798160e-07 9.999900460243225098e-01
4.383190628232114250e-07 2.702392123410390923e-07 9.999992251396179199e-01
2.451664186082780361e-04 9.390570521354675293e-01 6.069772318005561829e-02
4.922740906476974487e-02 1.543825864791870117e-01 7.963900566101074219e-01
9.999657273292541504e-01 3.242669117753393948e-05 1.844651251303730533e-06
1.179735176265239716e-03 3.481233143247663975e-04 9.984721541404724121e-01
3.923245458281598985e-05 5.172072633286006749e-06 9.999555349349975586e-01
9.809937182581052184e-06 9.008767847262788564e-06 9.999811649322509766e-01
1.204340271954151831e-08 1.000000000000000000e+00 1.585327841224781764e-10
