----------PROBABILITY----------
1.033778744385926984e-06 9.999977946281433105e-01 1.056200972016085871e-06
9.999772906303405762e-01 1.160624015028588474e-05 1.113169855671003461e-05
9.999600052833557129e-01 1.942698872881010175e-05 2.050836519629228860e-05
1.300110852753277868e-06 9.999956488609313965e-01 2.954099954877165146e-06
9.999635815620422363e-01 1.131602630266570486e-06 3.533969356794841588e-05
1.955786501639522612e-06 8.675868912177975290e-07 9.999970793724060059e-01
1.869028783403337002e-04 7.097988855093717575e-04 9.991033077239990234e-01
5.911589600145816803e-03 4.093714058399200439e-03 9.899946451187133789e-01
9.985834360122680664e-01 1.356486347503960133e-03 6.010680590406991541e-05
6.059648003429174423e-04 7.005934603512287140e-03 9.923881292343139648e-01
3.501920218695886433e-05 9.822328138398006558e-06 9.999551177024841309e-01
9.999811053276062012e-01 3.090064410571358167e-06 1.570141466800123453e-05
1.083664938050787896e-05 9.999851584434509277e-01 3.979970642831176519e-06
9.999141097068786621e-01 8.067196904448792338e-05 5.173629688215442002e-06
2.900712388509418815e-05 1.121075456467224285e-06 9.999697804450988770e-01
3.145470051094889641e-03 1.900344272144138813e-03 9.949541687965393066e-01
9.992485046386718750e-01 1.227828906849026680e-04 6.286891293711960316e-04
1.096105668693780899e-03 3.289122832939028740e-04 9.985749721527099609e-01
9.970489740371704102e-01 1.768614631146192551e-03 1.182451844215393066e-03
3.180490136146545410e-01 1.835709903389215469e-03 6.801153421401977539e-01
2.808010578155517578e-02 9.712810516357421875e-01 6.387514877133071423e-04
9.869771003723144531e-01 6.791912950575351715e-03 6.230993196368217468e-03
2.988433116115629673e-04 9.996880292892456055e-01 1.314421569986734539e-05
2.665355168574023992e-05 9.999683499336242676e-01 4.843498572881799191e-06
1.056343084201216698e-03 9.870602488517761230e-01 1.188350841403007507e-02
9.995414614677429199e-01 3.602130746003240347e-04 9.828266047406941652e-05
9.430571662960574031e-05 6.907609076733933762e-06 9.998987317085266113e-01
2.035680692642927170e-03 2.874538477044552565e-04 9.976769089698791504e-01
9.995257258415222168e-01 1.915846769406925887e-05 4.551012825686484575e-04
9.406005265191197395e-04 6.766893784515559673e-05 9.989917278289794922e-01
9.896045327186584473e-01 6.772170774638652802e-03 3.623177995905280113e-03
7.954807579517364502e-02 1.109505221247673035e-01 8.095013499259948730e-01
2.485600998625159264e-04 9.590113759040832520e-01 4.074001684784889221e-02
2.839265216607600451e-04 5.679694731952622533e-05 9.996592998504638672e-01
6.963027408346533775e-05 9.999173283576965332e-01 1.294636422244366258e-05
2.378339879214763641e-03 8.904938586056232452e-04 9.967311024665832520e-01
5.648721707984805107e-05 9.999321103096008301e-01 1.130481450672959909e-05
2.405161467322614044e-06 9.999535679817199707e-01 4.399663157528266311e-05
3.461754658928839490e-06 9.999936223030090332e-01 2.819200744852423668e-06
4.296855069696903229e-03 2.998980227857828140e-03 9.927039742469787598e-01
1.990070939064025879e-02 8.900508880615234375e-01 9.004845470190048218e-02
9.816361665725708008e-01 9.087199345231056213e-03 9.276623837649822235e-03
9.999967217445373535e-01 4.926858991893823259e-07 2.736988790275063366e-06
1.659689396619796753e-01 5.805957317352294922e-01 2.534352540969848633e-01
5.052169784903526306e-02 9.493896365165710449e-01 8.869375596987083554e-05
3.606596263125538826e-03 3.042076132260262966e-04 9.960891604423522949e-01
9.994745850563049316e-01 3.564307189662940800e-05 4.896813770756125450e-04
9.999739527702331543e-01 9.178739674098324031e-06 1.683907976257614791e-05
1.711414312012493610e-03 1.409718333889031783e-05 9.982744455337524414e-01
2.055214159190654755e-02 5.660135149955749512e-01 4.134343564510345459e-01
6.797040441597346216e-06 3.922971700376365334e-06 9.999892115592956543e-01
1.189139657071791589e-04 5.558405973715707660e-05 9.998254776000976562e-01
6.627196911722421646e-03 4.035424353787675500e-05 9.933323860168457031e-01
9.999242424964904785e-01 6.849699275335296988e-05 7.196137630671728402e-06
9.999788403511047363e-01 1.070148414328286890e-06 2.000209133257158101e-05
6.521820323541760445e-04 1.987221548915840685e-05 9.993279576301574707e-01
3.460626816377043724e-03 3.554003313183784485e-02 9.609992504119873047e-01
9.999839663505554199e-01 1.035801778925815597e-05 5.625346602755598724e-06
2.263854185002855957e-05 9.999402165412902832e-01 3.703626498463563621e-05
9.985496401786804199e-01 2.318659244338050485e-04 1.218420686200261116e-03
3.808125853538513184e-03 8.148545026779174805e-01 1.813374757766723633e-01
9.986451268196105957e-01 1.332586165517568588e-03 2.227462391601875424e-05
9.553535580635070801e-01 7.662156131118535995e-04 4.388017579913139343e-02
9.999547600746154785e-01 5.166261871636379510e-06 4.010350676253437996e-05
7.322659492492675781e-01 4.709061607718467712e-02 2.206434607505798340e-01
5.483803033712320030e-05 1.180297113023698330e-03 9.987648725509643555e-01
2.129203267395496368e-02 1.889460720121860504e-02 9.598132967948913574e-01
1.669859862886369228e-03 3.097355074714869261e-04 9.980204105377197266e-01
4.697711206972599030e-03 9.952608346939086914e-01 4.138877193327061832e-05
2.252154424786567688e-02 5.830762982368469238e-01 3.944022357463836670e-01
3.063867097807815298e-06 9.999937415122985840e-01 3.072460458497516811e-06
1.101778980228118598e-05 1.077003798855002970e-05 9.999781250953674316e-01
8.272155374288558960e-02 1.049955654889345169e-02 9.067789316177368164e-01
2.529535549911088310e-06 9.999944567680358887e-01 2.982187425004667602e-06
2.309444593265652657e-03 1.872551220003515482e-04 9.975032210350036621e-01
5.307319383973663207e-07 9.999973177909851074e-01 2.178841441491385922e-06
9.998359680175781250e-01 1.292115484829992056e-04 3.475337507552467287e-05
5.051075816154479980e-01 5.767415091395378113e-02 4.372183382511138916e-01
4.682213329942896962e-05 9.997546672821044922e-01 1.985365524888038635e-04
1.283236770177609287e-07 9.999994635581970215e-01 3.596943258799001342e-07
1.880388481367845088e-06 9.999974370002746582e-01 5.576890771408216096e-07
9.990623220801353455e-04 1.175873767351731658e-04 9.988833665847778320e-01
9.999987483024597168e-01 7.802909749443642795e-07 3.092310691954480717e-07
9.999936223030090332e-01 1.947424607351422310e-06 4.426684881764231250e-06
9.823697805404663086e-01 1.716051623225212097e-02 4.696919349953532219e-04
5.289689579512923956e-05 9.901337623596191406e-01 9.813281707465648651e-03
3.379675035830587149e-05 9.999275803565979004e-01 3.844677121378481388e-05
1.882168362499214709e-05 9.999797940254211426e-01 1.316589987254701555e-06
9.999534487724304199e-01 7.936123438412323594e-07 4.567240102915093303e-05
6.986139714717864990e-02 1.085286308079957962e-02 9.192856550216674805e-01
1.250976652045210358e-06 1.394868263560056221e-06 9.999973177909851074e-01
2.039136916209827177e-06 9.999890923500061035e-01 8.803918717603664845e-06
1.283897669054567814e-03 2.486429363489151001e-02 9.738517999649047852e-01
8.801544754533097148e-05 9.999076724052429199e-01 4.337551217759028077e-06
1.399096945533528924e-04 2.946188033092767000e-04 9.995654225349426270e-01
9.999588131904602051e-01 2.967558657474000938e-06 3.809158442891202867e-05
2.523374976590275764e-03 6.703526596538722515e-04 9.968062043190002441e-01
6.999822653597220778e-05 9.997699260711669922e-01 1.601158728590235114e-04
1.045840093865990639e-03 1.703568845987319946e-01 8.285973072052001953e-01
9.769989848136901855e-01 3.343804739415645599e-03 1.965726725757122040e-02
3.284407966930302791e-06 9.999937415122985840e-01 2.860043423424940556e-06
9.999981522560119629e-01 3.763610436635644874e-07 1.445568386770901270e-06
1.273484940611524507e-05 9.999803900718688965e-01 6.839244633738417178e-06
5.256687927612802014e-06 9.999811053276062012e-01 1.364682975690811872e-05
2.611782110761851072e-05 6.253475021367194131e-06 9.999675154685974121e-01
8.955395780503749847e-03 6.693769712001085281e-03 9.843508005142211914e-01
4.801306349691003561e-04 9.988542795181274414e-01 6.654831231571733952e-04
9.160942435264587402e-01 8.348466455936431885e-02 4.211447667330503464e-04
9.990555644035339355e-01 3.786903980653733015e-04 5.657185101881623268e-04
3.536982927471399307e-03 2.722198842093348503e-03 9.937406778335571289e-01
9.640803933143615723e-01 3.084130398929119110e-02 5.078350659459829330e-03
7.047724211588501930e-04 9.960898756980895996e-01 3.205385757610201836e-03
9.996970891952514648e-01 3.217735866201110184e-05 2.707780513446778059e-04
1.909618049467098899e-06 4.239273607709037606e-07 9.999975562095642090e-01
1.580017965352453757e-06 9.999912381172180176e-01 7.171133802330587059e-06
9.945469498634338379e-01 1.820765028242021799e-04 5.270920693874359131e-03
5.343712109606713057e-05 9.999205470085144043e-01 2.602231688797473907e-05
4.870236292481422424e-02 1.332182735204696655e-01 8.180793523788452148e-01
9.364922298118472099e-04 9.987127184867858887e-01 3.506989742163568735e-04
8.845976117299869657e-05 3.076367080211639404e-03 9.968352317810058594e-01
1.016767136752605438e-02 1.721352338790893555e-02 9.726188182830810547e-01
1.253545924555510283e-04 9.995284676551818848e-01 3.460938460193574429e-04
1.811347488001047168e-06 9.999979138374328613e-01 2.106374950017197989e-07
1.635912303754594177e-05 9.999813437461853027e-01 2.247978272862383164e-06
1.779814556357450783e-05 9.999659657478332520e-01 1.617016641830559820e-05
1.004995778203010559e-03 1.935841137310490012e-04 9.988014698028564453e-01
1.609783612366300076e-05 9.999783635139465332e-01 5.429064913187175989e-06
3.313180641271173954e-04 9.785701632499694824e-01 2.109853737056255341e-02
8.159653283655643463e-03 5.306894308887422085e-04 9.913095235824584961e-01
9.779852032661437988e-01 9.510681033134460449e-03 1.250405889004468918e-02
1.844632672145962715e-03 9.601088166236877441e-01 3.804658725857734680e-02
1.725557813188061118e-04 9.746995568275451660e-01 2.512782253324985504e-02
1.824603896238841116e-05 9.991881251335144043e-01 7.936374749988317490e-04
8.036352483031805605e-06 9.999882578849792480e-01 3.744921741599682719e-06
9.998821616172790527e-01 1.161021136795170605e-04 1.681834874034393579e-06
2.242904738523066044e-04 9.997560977935791016e-01 1.952210004674270749e-05
3.028681248906650580e-06 1.047570458467816934e-05 9.999864697456359863e-01
9.507448673248291016e-01 2.195050753653049469e-02 2.730453014373779297e-02
2.756662524916464463e-06 9.999741911888122559e-01 2.304212648596148938e-05
8.499569296836853027e-01 1.298110932111740112e-01 2.023199200630187988e-02
8.806454570731148124e-05 9.986436963081359863e-01 1.268172287382185459e-03
9.856449961662292480e-01 1.427967008203268051e-02 7.533362077083438635e-05
9.999948143959045410e-01 2.081903176076593809e-06 3.121336476397118531e-06
9.997397661209106445e-01 1.507319102529436350e-04 1.094780818675644696e-04
4.474751403904519975e-05 1.991049975913483649e-05 9.999353289604187012e-01
3.877641865983605385e-04 4.722423618659377098e-04 9.991400241851806641e-01
5.593908554146764800e-07 1.376920408802106977e-07 9.999992251396179199e-01
9.252505697077140212e-05 9.998164176940917969e-01 9.101417526835575700e-05
6.269739940762519836e-03 9.368579983711242676e-01 5.687221139669418335e-02
3.385617164894938469e-03 3.118188353255391121e-03 9.934961795806884766e-01
1.440550317056477070e-03 1.510393172502517700e-01 8.475200533866882324e-01
2.103416190948337317e-04 6.590462923049926758e-01 3.407432734966278076e-01
2.445432255626656115e-05 9.996169209480285645e-01 3.586681850720196962e-04
4.075456308783032000e-05 3.561601988621987402e-05 9.999235272407531738e-01
3.240930614992976189e-03 9.967353940010070801e-01 2.370094807702116668e-05
9.991630911827087402e-01 2.020398533204570413e-04 6.348411552608013153e-04
8.712755441665649414e-01 1.018712576478719711e-02 1.185372993350028992e-01
1.204970521939685568e-05 9.999846816062927246e-01 3.228515879527549259e-06
2.132937125861644745e-02 2.453527599573135376e-02 9.541353583335876465e-01
3.148973286151885986e-01 2.097667660564184189e-03 6.830049157142639160e-01
8.923366294766310602e-06 9.999889731407165527e-01 2.015583731918013655e-06
4.885879461653530598e-04 5.638751317746937275e-04 9.989475607872009277e-01
4.856882733292877674e-04 3.681023837998509407e-03 9.958333373069763184e-01
3.934431297238916159e-04 9.992632865905761719e-01 3.432606463320553303e-04
1.941248046932742000e-04 9.996349811553955078e-01 1.709106436464935541e-04
9.998478889465332031e-01 8.266210898000281304e-06 1.438776089344173670e-04
9.999950528144836426e-01 3.971778369304956868e-06 9.051664164871908724e-07
9.961360692977905273e-01 2.866617978725116700e-05 3.835229203104972839e-03
9.999684691429138184e-01 1.741257619869429618e-05 1.403855276294052601e-05
5.551156209548935294e-05 2.223966657766140997e-05 9.999222159385681152e-01
2.205288410186767578e-02 9.777346849441528320e-01 2.123738086083903909e-04
8.136270567774772644e-03 9.698212146759033203e-01 2.204247750341892242e-02
3.698033746331930161e-03 3.928224032279103994e-04 9.959090948104858398e-01
2.681699115782976151e-04 1.369344045087927952e-05 9.997181892395019531e-01
8.454087037534918636e-06 1.860502525232732296e-04 9.998054504394531250e-01
1.561898534419015050e-04 2.611507952678948641e-04 9.995827078819274902e-01
7.915333509445190430e-01 2.165321959182620049e-03 2.063014060258865356e-01
3.652581290225498378e-05 1.315119297942146659e-04 9.998319149017333984e-01
7.298021763563156128e-02 3.296728536952286959e-04 9.266900420188903809e-01
1.685247866589634214e-06 9.999974370002746582e-01 8.770517183620540891e-07
9.498413205146789551e-01 3.267217834945768118e-04 4.983202740550041199e-02
9.225982427597045898e-01 1.734603755176067352e-02 6.005562469363212585e-02
9.996362924575805664e-01 2.969869819935411215e-05 3.339813265483826399e-04
3.081549075432121754e-04 1.171426356449956074e-05 9.996801614761352539e-01
4.200845211744308472e-02 6.645510904490947723e-03 9.513460397720336914e-01
9.949411153793334961e-01 2.115740207955241203e-04 4.847154486924409866e-03
9.992197155952453613e-01 7.330664811888709664e-05 7.070957799442112446e-04
1.272075169254094362e-04 1.812612708818051033e-07 9.998726844787597656e-01
7.381218671798706055e-02 2.895169600378721952e-04 9.258983135223388672e-01
9.987990856170654297e-01 4.218482354190200567e-05 1.158763072453439236e-03
1.756693382048979402e-04 8.405380503972992301e-05 9.997403621673583984e-01
2.451304346323013306e-02 5.889056250452995300e-02 9.165963530540466309e-01
1.194067746400833130e-01 8.784648776054382324e-01 2.128390362486243248e-03
2.313568722456693649e-03 2.258811611682176590e-03 9.954275488853454590e-01
4.144859121879562736e-05 9.999572634696960449e-01 1.196139237436000258e-06
9.999700188636779785e-01 2.828755350492428988e-05 1.634916657167195808e-06
2.546545874793082476e-05 9.999621510505676270e-01 1.225115374836605042e-05
1.094689832825679332e-05 9.999794363975524902e-01 9.586219675838947296e-06
5.691511090844869614e-03 2.077598037431016564e-04 9.941007494926452637e-01
9.995990395545959473e-01 1.148024675785563886e-04 2.862807887140661478e-04
1.333435939159244299e-04 2.124605234712362289e-04 9.996541738510131836e-01
7.899818010628223419e-03 3.740957472473382950e-04 9.917261004447937012e-01
9.680594205856323242e-01 3.738773739314638078e-05 3.190310671925544739e-02
1.950435787439346313e-01 2.355388831347227097e-03 8.026010394096374512e-01
9.991800189018249512e-01 2.629507507663220167e-04 5.570069188252091408e-04
9.997789859771728516e-01 1.296239861403591931e-05 2.080687845591455698e-04
5.259852856397628784e-03 5.345618774299509823e-05 9.946867227554321289e-01
2.628147043287754059e-02 2.455582469701766968e-02 9.491627216339111328e-01
4.539536348602268845e-06 1.451456483891888638e-07 9.999952912330627441e-01
3.304371493868529797e-04 5.973346414975821972e-04 9.990721940994262695e-01
1.691986881269258447e-06 9.999971985816955566e-01 1.025142523758404423e-06
1.778925070539116859e-05 9.884534478187561035e-01 1.152869313955307007e-02
3.107034135609865189e-04 6.597418687306344509e-04 9.990294575691223145e-01
8.825257420539855957e-01 4.902803897857666016e-02 6.844614446163177490e-02
1.175474142655730247e-03 9.988105893135070801e-01 1.395786966895684600e-05
1.013213652186095715e-03 2.007000330195296556e-05 9.989666938781738281e-01
9.373439979754039086e-08 9.999997019767761230e-01 1.696420639518692042e-07
9.842395782470703125e-01 3.465033601969480515e-03 1.229541655629873276e-02
2.499127760529518127e-02 9.749916195869445801e-01 1.709177558950614184e-05
1.994962245225906372e-01 7.992013692855834961e-01 1.302339485846459866e-03
9.996604919433593750e-01 9.477356798015534878e-05 2.448289014864712954e-04
7.660076371394097805e-04 9.864114690572023392e-04 9.982475638389587402e-01
9.883697930490598083e-05 2.373855968471616507e-04 9.996638298034667969e-01
9.995090365409851074e-01 1.838672906160354614e-04 3.070666862186044455e-04
4.537290442385710776e-05 9.999433159828186035e-01 1.120700017054332420e-05
1.556465309113264084e-02 7.575250416994094849e-02 9.086829423904418945e-01
1.084541167983843479e-07 9.999991059303283691e-01 7.088235065566550475e-07
9.999644160270690918e-01 5.015303941036108881e-06 3.054317494388669729e-05
5.258534201857401058e-06 9.999908804893493652e-01 3.806278755291714333e-06
9.999322295188903809e-01 1.275641352549428120e-06 6.636850594077259302e-05
3.471850141067989171e-05 1.333044110651826486e-06 9.999639391899108887e-01
1.780190177669283003e-05 6.914135610713856295e-07 9.999814629554748535e-01
9.998574256896972656e-01 1.066271870513446629e-04 3.596572787500917912e-05
9.997309446334838867e-01 1.970032826648093760e-05 2.494106884114444256e-04
9.999677538871765137e-01 6.955304797884309664e-06 2.528034565330017358e-05
4.274421371519565582e-04 3.760192339541390538e-05 9.995349049568176270e-01
8.901720643043518066e-01 1.086125150322914124e-01 1.215334399603307247e-03
1.522812272014562041e-05 9.999776482582092285e-01 7.071335403452394530e-06
7.427666801959276199e-03 6.765157013433054090e-05 9.925047755241394043e-01
4.655766487121582031e-01 5.361222103238105774e-02 4.808109998703002930e-01
1.403016881340590771e-06 9.999971985816955566e-01 1.302734176533704158e-06
9.999470114707946777e-01 4.329611329012550414e-05 9.709000551083590835e-06
6.658965139649808407e-04 2.907379297539591789e-03 9.964267611503601074e-01
8.623499870300292969e-01 7.339401543140411377e-02 6.425594538450241089e-02
1.313464508712058887e-05 4.768042417708784342e-04 9.995099902153015137e-01
9.985102415084838867e-01 6.913051474839448929e-04 7.985205738805234432e-04
1.631528175494167954e-05 9.999747872352600098e-01 8.853537110553588718e-06
5.351961008273065090e-04 9.981763958930969238e-01 1.288306782953441143e-03
7.109573925845324993e-05 8.145284664351493120e-05 9.998474121093750000e-01
9.999725222587585449e-01 2.384040817560162395e-05 3.517999857649556361e-06
1.036411632071576605e-07 9.999994635581970215e-01 3.579804968012467725e-07
9.999763369560241699e-01 6.494851731986273080e-06 1.717559825920034200e-05
1.845777500420808792e-03 2.596948252175934613e-05 9.981282353401184082e-01
9.998657703399658203e-01 3.691098390845581889e-05 9.740453242557123303e-05
1.567416638135910034e-02 5.710946023464202881e-02 9.272163510322570801e-01
3.572316491045057774e-04 3.454151155892759562e-04 9.992973804473876953e-01
6.007050978951156139e-05 3.219887366867624223e-05 9.999076724052429199e-01
1.164043601602315903e-02 3.457851111888885498e-01 6.425744295120239258e-01
3.709126496687531471e-03 1.618307200260460377e-03 9.946724772453308105e-01
1.086419251805637032e-05 3.087971549575740937e-07 9.999887347221374512e-01
9.999907612800598145e-01 2.424402055112295784e-06 6.776468580937944353e-06
9.999851584434509277e-01 6.771927928639343008e-06 7.938839189591817558e-06
1.281972072320058942e-04 3.767945236177183688e-05 9.998340606689453125e-01
9.637343883514404297e-01 5.543333012610673904e-03 3.072222508490085602e-02
3.898214781656861305e-04 9.981166720390319824e-01 1.493514981120824814e-03
4.128759485411137575e-07 9.999975562095642090e-01 2.083384742945781909e-06
2.900412946473807096e-04 9.852887392044067383e-01 1.442134287208318710e-02
1.857651805039495230e-04 8.977159450296312571e-05 9.997245073318481445e-01
1.125823619076982141e-04 9.998378753662109375e-01 4.945351975038647652e-05
1.408958714455366135e-02 9.540145397186279297e-01 3.189592808485031128e-02
9.986106753349304199e-01 2.049558133876416832e-05 1.368753612041473389e-03
1.191420506074791774e-05 9.999864697456359863e-01 1.578951469127787277e-06
4.141349927522242069e-05 9.998054504394531250e-01 1.532157039036974311e-04
2.108955641233478673e-06 9.999896883964538574e-01 8.084839464572723955e-06
3.706590359797701240e-05 9.999247193336486816e-01 3.820003257715143263e-05
9.503459557890892029e-03 3.678354918956756592e-01 6.226609945297241211e-01
1.357025939796585590e-05 9.490301454206928611e-05 9.998914599418640137e-01
9.997756481170654297e-01 1.815657305996865034e-04 4.277379775885492563e-05
2.716976106166839600e-01 3.838450312614440918e-01 3.444574177265167236e-01
1.032676227623596787e-04 4.577022336889058352e-04 9.994391202926635742e-01
1.539259974379092455e-04 4.747405182570219040e-05 9.997985363006591797e-01
1.137799335992895067e-04 9.995519518852233887e-01 3.342599957250058651e-04
6.762900284229544923e-06 9.998928904533386230e-01 1.003036886686459184e-04
9.910957217216491699e-01 9.348460007458925247e-04 7.969322614371776581e-03
9.998290538787841797e-01 6.462843430199427530e-06 1.645765732973814011e-04
9.999853968620300293e-01 8.101285970951721538e-07 1.372814676869893447e-05
2.106538740918040276e-03 5.657729879021644592e-02 9.413161277770996094e-01
1.576072972966358066e-04 2.948276815004646778e-04 9.995475411415100098e-01
9.554005227982997894e-04 9.978714585304260254e-01 1.172980410046875477e-03
9.999859929084777832e-01 1.073013936547795311e-05 3.205049097232404165e-06
2.189510315656661987e-02 1.313790678977966309e-02 9.649670720100402832e-01
3.097562967013800517e-06 9.999747872352600098e-01 2.207268153142649680e-05
9.992259144783020020e-01 1.522243110230192542e-04 6.218530470505356789e-04
9.948916435241699219e-01 1.799722122086677700e-05 5.090335849672555923e-03
9.986976385116577148e-01 2.917671517934650183e-04 1.010520500130951405e-03
9.983886033296585083e-03 1.861554831266403198e-01 8.038606047630310059e-01
3.574310615658760071e-02 2.482678182423114777e-02 9.394299983978271484e-01
7.058266419335268438e-06 9.999788403511047363e-01 1.405469356541289017e-05
9.963844418525695801e-01 1.710679032839834690e-03 1.904816599562764168e-03
8.546040044166147709e-04 1.838871685322374105e-04 9.989614486694335938e-01
3.432616824284195900e-03 5.112772583961486816e-01 4.852901101112365723e-01
2.882899641990661621e-01 7.092550396919250488e-01 2.454951638355851173e-03
1.786885259207338095e-04 6.879989523440599442e-03 9.929413199424743652e-01
9.311075700679793954e-06 9.999759793281555176e-01 1.460704424971481785e-05
1.717029226711019874e-04 9.998090267181396484e-01 1.919510214065667242e-05
8.047599840210750699e-05 3.891219967044889927e-05 9.998804926872253418e-01
1.568001948726305272e-06 6.055893209122586995e-06 9.999923110008239746e-01
9.999900460243225098e-01 1.711991103547916282e-06 8.253379746747668833e-06
2.504831552505493164e-02 8.319413661956787109e-01 1.430103331804275513e-01
1.588531732559204102e-01 1.125809457153081894e-02 8.298887014389038086e-01
9.623630642890930176e-01 1.138996239751577377e-02 2.624688297510147095e-02
1.075604959623888135e-04 9.998166561126708984e-01 7.575177005492150784e-05
9.960303902626037598e-01 1.405783114023506641e-03 2.563776215538382530e-03
9.999943375587463379e-01 1.320108140134834684e-06 4.335185167292365804e-06
2.297970000654459000e-03 9.434686035092454404e-06 9.976925849914550781e-01
5.348859849618747830e-05 7.197687409643549472e-06 9.999392628669738770e-01
6.372899515554308891e-04 3.304971382021903992e-03 9.960576891899108887e-01
2.343071628274628893e-06 8.786350349510030355e-07 9.999967217445373535e-01
3.013318064404302277e-06 9.999955296516418457e-01 1.435093622603744734e-06
9.998157024383544922e-01 7.030744745861738920e-05 1.139161613536998630e-04
1.137472130358219147e-02 9.885140657424926758e-01 1.112264362745918334e-04
2.842205343768000603e-03 1.959762303158640862e-04 9.969617724418640137e-01
6.980453729629516602e-01 8.204422774724662304e-04 3.011342585086822510e-01
2.209691796451807022e-03 1.961643138201907277e-04 9.975941181182861328e-01
9.190121293067932129e-01 3.330293297767639160e-02 4.768499732017517090e-02
9.851827621459960938e-01 1.235413178801536560e-02 2.462996868416666985e-03
9.063010811805725098e-01 7.807277143001556396e-02 1.562609896063804626e-02
1.178152277134358883e-03 2.877493898267857730e-06 9.988189339637756348e-01
9.602170030120760202e-05 9.786329269409179688e-01 2.127096243202686310e-02
2.394548151642084122e-03 1.877780654467642307e-03 9.957275986671447754e-01
9.999416470527648926e-01 1.817420866245811339e-06 5.652531399391591549e-05
6.151413981569930911e-05 9.994725584983825684e-01 4.658366960939019918e-04
9.999875426292419434e-01 8.316377716255374253e-06 4.068694124725880101e-06
1.934701353311538696e-01 5.445655807852745056e-02 7.520732283592224121e-01
2.083701838273555040e-05 3.197393193840980530e-02 9.680051803588867188e-01
8.013164915610104799e-05 2.732323628151789308e-05 9.998925328254699707e-01
4.745180010795593262e-01 2.478872239589691162e-01 2.775947749614715576e-01
1.053461346600670367e-05 9.999845623970031738e-01 4.857422027271240950e-06
1.238983095390722156e-04 9.990348219871520996e-01 8.412222960032522678e-04
1.196120574604719877e-04 9.991303682327270508e-01 7.500061765313148499e-04
9.963483214378356934e-01 4.643818829208612442e-04 3.187227528542280197e-03
3.344139258842915297e-06 9.976736903190612793e-01 2.322930376976728439e-03
2.433627560094464570e-05 4.397285010782070458e-05 9.999316334724426270e-01
1.533718386781401932e-05 9.999441504478454590e-01 4.046667527290992439e-05
9.998452663421630859e-01 1.378098968416452408e-04 1.694635648163966835e-05
1.137846484198234975e-04 2.403231628704816103e-04 9.996458292007446289e-01
6.410929813682741951e-07 9.999985098838806152e-01 8.487806439916312229e-07
9.999664425849914551e-01 9.414724445377942175e-06 2.404342740192078054e-05
9.987007379531860352e-01 5.234798882156610489e-04 7.757964776828885078e-04
9.412369132041931152e-01 5.416051298379898071e-02 4.602532833814620972e-03
9.363793134689331055e-01 1.368629746139049530e-02 4.993449896574020386e-02
9.999760985374450684e-01 2.281349952681921422e-05 1.124034156418929342e-06
4.899980922346003354e-05 9.999079108238220215e-01 4.303504101699218154e-05
6.907562692504143342e-06 9.999702572822570801e-01 2.278746978845447302e-05
2.074756921501830220e-04 1.676390274951700121e-05 9.997758865356445312e-01
1.716798351480974816e-06 3.164214149364852346e-06 9.999950528144836426e-01
4.149794986005872488e-04 8.645476918900385499e-05 9.994985461235046387e-01
9.977789521217346191e-01 1.416846789652481675e-04 2.079420024529099464e-03
9.993420243263244629e-01 1.669659541221335530e-04 4.909663111902773380e-04
1.835433067753911018e-07 9.999994635581970215e-01 2.271347341320506530e-07
9.998316764831542969e-01 1.302312921325210482e-05 1.554387272335588932e-04
4.235579445958137512e-02 9.538006186485290527e-01 3.843543352559208870e-03
7.452923910022946075e-06 9.997851848602294922e-01 2.072326024062931538e-04
9.999943375587463379e-01 1.287872464672545902e-06 4.245670879754470661e-06
1.368338428437709808e-02 2.108816755935549736e-03 9.842078089714050293e-01
7.352669835090637207e-01 2.966644056141376495e-02 2.350665926933288574e-01
3.021747171878814697e-01 6.766992807388305664e-01 2.112589962780475616e-02
6.560442037880420685e-03 2.844417467713356018e-04 9.931550025939941406e-01
3.755216312129050493e-04 1.009193510981276631e-04 9.995234608650207520e-01
5.780866922577843070e-05 9.998707771301269531e-01 7.139064837247133255e-05
2.079473961202893406e-05 4.132003596168942750e-05 9.999378323554992676e-01
3.594252765178680420e-01 6.393498778343200684e-01 1.224751002155244350e-03
8.614356374891940504e-07 9.999989867210388184e-01 8.331451795129396487e-08
9.994916319847106934e-01 4.957042619935236871e-05 4.586773575283586979e-04
1.470688293920829892e-04 1.278719864785671234e-03 9.985742568969726562e-01
1.621185336261987686e-03 6.374492049217224121e-01 3.609296083450317383e-01
4.148138165473937988e-01 3.382257223129272461e-01 2.469605356454849243e-01
1.938731409609317780e-02 8.771527409553527832e-01 1.034599095582962036e-01
2.730436790443491191e-05 9.999532103538513184e-01 1.937181696121115237e-05
6.746198632754385471e-04 9.992224574089050293e-01 1.029407503665424883e-04
3.405697952985065058e-06 9.999929070472717285e-01 3.605558731578639708e-06
3.358624553584377281e-06 9.999943375587463379e-01 2.225859589088940993e-06
8.845898509025573730e-02 9.052402973175048828e-01 6.300768814980983734e-03
9.989479184150695801e-01 5.598442512564361095e-04 4.923168453387916088e-04
9.984338283538818359e-01 7.915804744698107243e-04 7.745934417471289635e-04
4.619933199137449265e-03 8.577089309692382812e-01 1.376711130142211914e-01
1.172401171061210334e-04 8.954228542279452085e-05 9.997932910919189453e-01
1.647198041609954089e-05 9.999803900718688965e-01 3.085989419560064562e-06
9.999650120735168457e-01 1.901901850942522287e-05 1.584407436894252896e-05
9.998106956481933594e-01 1.477197365602478385e-04 4.170856482232920825e-05
4.794350752490572631e-05 2.707094827201217413e-04 9.996813535690307617e-01
2.611044619698077440e-04 7.805601489963009953e-05 9.996608495712280273e-01
9.999073147773742676e-01 4.478117989492602646e-05 4.784890916198492050e-05
8.857900649309158325e-02 7.996400236152112484e-04 9.106212258338928223e-01
8.527319550921674818e-06 2.959615630970802158e-05 9.999617934226989746e-01
2.136052353307604790e-04 4.060293122165603563e-06 9.997823238372802734e-01
1.078866422176361084e-03 1.331701292656362057e-03 9.975894689559936523e-01
1.138710975646972656e-01 4.984272643923759460e-03 8.811447024345397949e-01
1.236637558577058371e-06 9.999967217445373535e-01 2.064844920823816210e-06
7.906867861747741699e-01 1.810367256402969360e-01 2.827646583318710327e-02
3.516960423439741135e-04 1.516756508499383926e-02 9.844807386398315430e-01
1.828721906349528581e-05 9.999764561653137207e-01 5.288426564220571890e-06
7.903315126895904541e-04 9.991961121559143066e-01 1.363663795928005129e-05
2.033921373367775232e-05 2.965545172628480941e-05 9.999499917030334473e-01
1.238205586560070515e-04 4.070080467499792576e-04 9.994691610336303711e-01
2.450740066706202924e-05 2.537864747864659876e-05 9.999501109123229980e-01
1.114002428948879242e-03 2.294251680723391473e-05 9.988631010055541992e-01
1.699621680018026382e-05 9.999783635139465332e-01 4.482484655454754829e-06
9.999284148216247559e-01 3.269617991463746876e-06 6.830302299931645393e-05
9.998359680175781250e-01 1.292080287385033444e-05 1.511672307970002294e-04
9.999268651008605957e-01 8.501427146256901324e-06 6.465316255344077945e-05
9.904045462608337402e-01 7.364095188677310944e-03 2.231309656053781509e-03
1.565110636647659703e-07 9.999954104423522949e-01 4.420900495460955426e-06
1.934131025336682796e-03 4.354721400886774063e-03 9.937110543251037598e-01
9.999739527702331543e-01 1.260437329619890079e-05 1.330917712039081380e-05
9.999751448631286621e-01 8.001821356629079673e-07 2.394578950770664960e-05
7.802344953233841807e-06 5.827816380588046741e-07 9.999915957450866699e-01
3.257372081279754639e-01 4.593051038682460785e-03 6.696697473526000977e-01
1.290509290993213654e-02 9.071523547172546387e-01 7.994242757558822632e-02
1.026302470563678071e-05 9.999850392341613770e-01 4.668618203140795231e-06
4.641898870468139648e-01 3.371465802192687988e-01 1.986635327339172363e-01
9.934983253479003906e-01 4.155135713517665863e-03 2.346519380807876587e-03
3.629578277468681335e-02 7.018270343542098999e-02 8.935214877128601074e-01
1.065740343619836494e-05 9.999839663505554199e-01 5.355987013899721205e-06
9.501513838768005371e-01 2.646033244673162699e-04 4.958407208323478699e-02
9.999606013298034668e-01 3.386245589354075491e-05 5.426235475169960409e-06
9.999991059303283691e-01 1.141127157211485610e-07 7.695358021919673774e-07
1.433156285202130675e-06 9.999979138374328613e-01 5.937511673437256832e-07
8.654725434098509140e-07 9.999859929084777832e-01 1.308674745814641938e-05
8.584786206483840942e-02 9.069010615348815918e-01 7.250981405377388000e-03
4.911386668682098389e-01 1.275009475648403168e-02 4.961111247539520264e-01
9.996931552886962891e-01 1.093805258278734982e-04 1.974835031433030963e-04
9.999005198478698730e-01 4.970177906216122210e-05 4.970263034920208156e-05
8.097446523606777191e-03 6.514556407928466797e-01 3.404469192028045654e-01
9.210598655045032501e-04 6.739948987960815430e-01 3.250840902328491211e-01
9.127674275077879429e-06 9.999883770942687988e-01 2.366262151554110460e-06
9.241627454757690430e-01 4.184086993336677551e-02 3.399628028273582458e-02
9.999442696571350098e-01 2.458234848745632917e-05 3.110812031081877649e-05
3.901437594322487712e-05 6.066592277420568280e-07 9.999603629112243652e-01
9.997140169143676758e-01 6.649531769653549418e-06 2.793805906549096107e-04
1.577834482304751873e-04 9.994629621505737305e-01 3.794157237280160189e-04
9.812217950820922852e-01 1.805755309760570526e-02 7.206933805719017982e-04
7.692325161769986153e-04 9.991955161094665527e-01 3.520918107824400067e-05
6.874094251543283463e-04 1.060853004455566406e-01 8.932272791862487793e-01
9.988092780113220215e-01 5.068434984423220158e-04 6.838238914497196674e-04
2.773981577774975449e-07 9.999987483024597168e-01 9.338619406662473921e-07
1.267399170501448680e-06 6.299753749772207811e-07 9.999980330467224121e-01
5.185703188180923462e-02 1.485885819420218468e-03 9.466570615768432617e-01
9.997966289520263672e-01 1.439004263374954462e-04 5.951287312200292945e-05
8.058390085352584720e-05 9.987568855285644531e-01 1.162523287348449230e-03
6.022779780323617160e-05 2.342415064049419016e-05 9.999162554740905762e-01
4.489235114306211472e-03 2.326289541088044643e-05 9.954875707626342773e-01
9.982514977455139160e-01 1.615763059817254543e-03 1.326312922174111009e-04
9.751462340354919434e-01 8.717024466022849083e-04 2.398215606808662415e-02
5.871841567568480968e-04 9.991846680641174316e-01 2.281502966070547700e-04
3.423042653594166040e-04 9.994033575057983398e-01 2.541829890105873346e-04
9.927486181259155273e-01 4.298742860555648804e-03 2.952606650069355965e-03
3.996528387069702148e-01 1.756770303472876549e-03 5.985903739929199219e-01
9.992406368255615234e-01 3.594520676415413618e-04 3.998750471509993076e-04
4.636031917470972985e-06 9.999930262565612793e-01 2.296206275786971673e-06
9.981375932693481445e-01 8.173509850166738033e-04 1.045012613758444786e-03
9.999764561653137207e-01 6.500776635220972821e-06 1.697266452538315207e-05
9.995835423469543457e-01 2.881246036849915981e-04 1.283563906326889992e-04
1.015875488519668579e-02 7.911536376923322678e-04 9.890501499176025391e-01
9.948929548263549805e-01 7.354214903898537159e-04 4.371627699583768845e-03
1.492748269811272621e-03 9.930912256240844727e-01 5.416026338934898376e-03
9.960383772850036621e-01 1.604453427717089653e-03 2.357121091336011887e-03
2.378970086574554443e-01 1.503807865083217621e-02 7.470648884773254395e-01
9.993640780448913574e-01 2.030524774454534054e-05 6.156612653285264969e-04
9.979469180107116699e-01 4.670482885558158159e-04 1.586091122590005398e-03
3.218721076336805709e-07 9.999975562095642090e-01 2.043158474407391623e-06
8.085274100303649902e-01 3.456433117389678955e-02 1.569081693887710571e-01
2.179630064347293228e-05 9.999771714210510254e-01 9.430815453015384264e-07
3.014018584508448839e-04 9.996339082717895508e-01 6.467312778113409877e-05
7.008953834883868694e-04 3.631649015005677938e-04 9.989359974861145020e-01
9.994804263114929199e-01 1.757318023010157049e-05 5.019415984861552715e-04
9.591430425643920898e-03 9.881334900856018066e-01 2.275048987939953804e-03
4.507109522819519043e-01 5.451159477233886719e-01 4.173098597675561905e-03
9.999411702156066895e-01 2.308281182195059955e-06 5.647647049045190215e-05
3.540116495059919544e-06 9.999949336051940918e-01 1.462684394937241450e-06
2.716976106166839600e-01 3.838450312614440918e-01 3.444574177265167236e-01
1.543802136438898742e-05 4.550983703666133806e-06 9.999799132347106934e-01
9.484445452690124512e-01 6.856263149529695511e-03 4.469917714595794678e-02
3.466770795057527721e-05 5.331735906111134682e-07 9.999647736549377441e-01
4.638384780264459550e-05 9.998638629913330078e-01 8.987354522105306387e-05
4.553663529804907739e-06 9.999954104423522949e-01 4.939434461448399816e-08
2.675624637049622834e-05 5.040612444281578064e-02 9.495670795440673828e-01
7.075042958604171872e-05 2.442761033307760954e-04 9.996850490570068359e-01
9.987573623657226562e-01 1.151240547187626362e-03 9.144489740720018744e-05
2.072147617582231760e-05 9.999694228172302246e-01 9.735319508763495833e-06
1.938377681653946638e-05 9.999448657035827637e-01 3.559491233318112791e-05
2.224572426712256856e-06 9.999957680702209473e-01 1.878711145764100365e-06
9.795749187469482422e-01 3.161001252010464668e-03 1.726414449512958527e-02
9.506733417510986328e-01 4.603079333901405334e-02 3.295823233202099800e-03
2.537830732762813568e-05 9.999728798866271973e-01 1.664800038270186633e-06
3.471386662567965686e-05 1.149802119471132755e-03 9.988154768943786621e-01
3.340266121085733175e-04 9.982455372810363770e-01 1.420378917828202248e-03
3.783463398576714098e-05 9.999262690544128418e-01 3.582415229175239801e-05
9.995345473289489746e-01 1.579542731633409858e-05 4.495737375691533089e-04
3.951394774048822001e-06 9.999909996986389160e-01 4.970615464117145166e-06
5.605317255685804412e-06 4.008008909295313060e-05 9.999542832374572754e-01
8.314040655932330992e-08 9.999993443489074707e-01 5.269389475870411843e-07
1.442890970793087035e-05 9.999682307243347168e-01 1.731518750602845103e-05
8.061205735430121422e-04 9.947679638862609863e-01 4.425803199410438538e-03
7.759339641779661179e-03 1.285632979124784470e-02 9.793844223022460938e-01
6.025534275977406651e-07 9.999939799308776855e-01 5.370495273382402956e-06
3.002095618285238743e-04 3.910570219159126282e-02 9.605941176414489746e-01
7.434054714394733310e-05 9.992498159408569336e-01 6.758873350918292999e-04
3.057240881025791168e-02 7.839928002795204520e-05 9.693491458892822266e-01
1.026938261929899454e-04 8.208375656977295876e-04 9.990764856338500977e-01
3.221503272652626038e-02 1.701505854725837708e-02 9.507699012756347656e-01
7.449841359630227089e-05 9.996294379234313965e-01 2.961535647045820951e-04
9.999827742576599121e-01 5.579232038144255057e-06 1.154297569883055985e-05
4.419297329150140285e-04 1.912569714477285743e-04 9.993668198585510254e-01
1.565110636647659703e-07 9.999954104423522949e-01 4.420900495460955426e-06
4.584113412420265377e-05 9.989752769470214844e-01 9.788613533601164818e-04
9.707335233688354492e-01 1.017756108194589615e-02 1.908887177705764771e-02
1.230156049132347107e-04 1.074811327271163464e-03 9.988021850585937500e-01
1.658722794672939926e-06 9.999969601631164551e-01 1.351374635305546690e-06
4.284573718905448914e-02 7.174062132835388184e-01 2.397480905055999756e-01
9.434362649917602539e-01 3.403274749871343374e-04 5.622344464063644409e-02
2.887466280299122445e-06 9.999690651893615723e-01 2.801270602503791451e-05
9.987895488739013672e-01 7.759212894598022103e-05 1.132753444835543633e-03
7.075237954268231988e-05 9.999261498451232910e-01 2.982015075758681633e-06
1.080022426322102547e-03 7.384542375802993774e-02 9.250745177268981934e-01
9.994989037513732910e-01 1.557371797389350832e-05 4.854473227169364691e-04
1.435685087926685810e-03 3.054590342799201608e-05 9.985336661338806152e-01
9.962444305419921875e-01 3.624273696914315224e-03 1.313761458732187748e-04
9.999887347221374512e-01 9.019934623211156577e-06 2.155341235265950672e-06
2.629629852890502661e-05 9.999647736549377441e-01 8.865184099704492837e-06
9.832587011260329746e-07 9.999981522560119629e-01 7.931582217679533642e-07
5.915356723562581465e-06 9.999936223030090332e-01 3.400642469841841375e-07
1.648982465267181396e-01 6.499314904212951660e-01 1.851703077554702759e-01
8.272155374288558960e-02 1.049955654889345169e-02 9.067789316177368164e-01
1.483479281887412071e-04 4.103493411093950272e-03 9.957482218742370605e-01
1.042702700942754745e-02 4.126492422074079514e-03 9.854464530944824219e-01
9.715021848678588867e-01 2.549378201365470886e-02 3.003898542374372482e-03
2.448739260435104370e-01 7.326231598854064941e-01 2.250292338430881500e-02
1.468250502512091771e-05 9.999454617500305176e-01 3.978672611992806196e-05
5.878515075892210007e-04 2.499549736967310309e-05 9.993872046470642090e-01
9.813980199396610260e-03 9.874364733695983887e-01 2.749451203271746635e-03
5.990015415591187775e-05 9.832562208175659180e-01 1.668395660817623138e-02
9.976962804794311523e-01 3.493893018458038568e-04 1.954304752871394157e-03
6.892662349855527282e-05 1.582653749210294336e-05 9.999151825904846191e-01
1.030303678817290347e-06 8.251520284829894081e-07 9.999980330467224121e-01
3.613142689573578537e-05 9.997560977935791016e-01 2.078092074953019619e-04
1.134858652949333191e-02 1.470798626542091370e-03 9.871805906295776367e-01
9.999580979347229004e-01 7.127031039999565110e-06 3.469122384558431804e-05
5.764000415802001953e-01 1.665079593658447266e-01 2.570920586585998535e-01
1.385632436722517014e-02 9.857902526855468750e-01 3.533254784997552633e-04
7.305435137823224068e-04 6.096199504099786282e-04 9.986598491668701172e-01
9.999981522560119629e-01 1.178173192784015555e-06 5.997943048896559048e-07
9.742864407598972321e-03 4.356933641247451305e-04 9.898213744163513184e-01
9.989200234413146973e-01 4.521253868006169796e-05 1.034697866998612881e-03
2.363118483117432334e-06 9.999969601631164551e-01 5.482734763972985093e-07
4.399923909659264609e-06 3.564157668733969331e-05 9.999598860740661621e-01
1.536762829346116632e-05 1.619820250198245049e-05 9.999683499336242676e-01
2.111177309416234493e-06 9.999963641166687012e-01 1.434977093595080078e-06
2.976692095398902893e-02 4.569829441606998444e-03 9.656631350517272949e-01
3.336957015562802553e-04 9.986537098884582520e-01 1.012576045468449593e-03
2.748623024672269821e-03 6.256412598304450512e-04 9.966257214546203613e-01
9.936460256576538086e-01 3.052501939237117767e-03 3.301388584077358246e-03
9.995480179786682129e-01 2.029876122833229601e-05 4.316834383644163609e-04
4.234634712338447571e-02 9.573922157287597656e-01 2.613118267618119717e-04
3.594653308391571045e-02 8.435156941413879395e-01 1.205376684665679932e-01
9.989526271820068359e-01 6.851065554656088352e-04 3.622845106292515993e-04
1.199815305881202221e-03 9.993670573749113828e-06 9.987902641296386719e-01
9.757077097892761230e-01 2.051692456007003784e-02 3.775323508307337761e-03
2.102916128933429718e-02 9.768515825271606445e-01 2.119118347764015198e-03
1.132521498948335648e-02 7.991895079612731934e-03 9.806827902793884277e-01
6.142989266663789749e-03 5.320569872856140137e-01 4.617999792098999023e-01
2.307320246472954750e-03 5.923673138022422791e-02 9.384559392929077148e-01
1.885995588963851333e-04 1.773607917129993439e-03 9.980376362800598145e-01
1.191079645650461316e-04 9.996732473373413086e-01 2.077331446344032884e-04
9.996183514595031738e-01 1.895671630336437374e-05 3.627875994425266981e-04
5.866301216883584857e-05 9.997481107711791992e-01 1.932597078848630190e-04
6.002404261380434036e-03 1.319484263658523560e-01 8.620491027832031250e-01
1.406104955822229385e-02 1.610447652637958527e-02 9.698345065116882324e-01
7.043352525215595961e-05 1.979100670723710209e-05 9.999096989631652832e-01
6.884700618684291840e-03 5.130339413881301880e-03 9.879849553108215332e-01
2.533306178520433605e-05 9.140687179751694202e-04 9.990605711936950684e-01
9.999980330467224121e-01 1.228992459800792858e-06 7.483447461709147319e-07
3.816837761405622587e-06 9.999879002571105957e-01 8.169351531250867993e-06
6.350866897264495492e-05 1.002028062939643860e-01 8.997337222099304199e-01
1.607720041647553444e-03 9.981138110160827637e-01 2.784427488222718239e-04
3.278831570696638664e-07 9.999982714653015137e-01 1.281895379179331940e-06
9.269295930862426758e-01 6.319443881511688232e-02 9.876010008156299591e-03
5.718951225280761719e-01 8.963678032159805298e-03 4.191410541534423828e-01
9.959045648574829102e-01 7.743684109300374985e-04 3.321035532280802727e-03
2.086283202515915036e-04 9.997789859771728516e-01 1.237777541973628104e-05
1.291840744670480490e-04 1.559904630994424224e-04 9.997148513793945312e-01
5.877853368474461604e-07 9.999979138374328613e-01 1.387999418511753902e-06
9.998835921287536621e-01 5.386924021877348423e-05 6.250818842090666294e-05
1.183538734039757401e-05 3.282673424109816551e-05 9.999552369117736816e-01
5.286716987029649317e-05 8.223933982662856579e-04 9.991246461868286133e-01
3.517764343996532261e-05 7.565746200270950794e-04 9.992082715034484863e-01
8.678355952724814415e-04 9.990051388740539551e-01 1.269090425921604037e-04
7.386368233710527420e-04 6.389193731592968106e-05 9.991974234580993652e-01
9.756378531455993652e-01 2.204793132841587067e-02 2.314268611371517181e-03
2.460830546624492854e-05 9.999744296073913574e-01 9.707911203804542311e-07
9.791052937507629395e-01 1.598987355828285217e-02 4.904861096292734146e-03
9.984574913978576660e-01 8.520099800080060959e-05 1.457215636037290096e-03
9.998340606689453125e-01 4.451735730981454253e-05 1.213553550769574940e-04
5.810747388750314713e-04 3.294939961051568389e-05 9.993860125541687012e-01
2.150675442180727259e-07 9.999993443489074707e-01 3.919284665698796744e-07
7.814571261405944824e-03 8.717614412307739258e-02 9.050092697143554688e-01
9.995149970054626465e-01 1.479438797105103731e-04 3.369665355421602726e-04
2.736201568040996790e-04 4.210644328850321472e-05 9.996843338012695312e-01
3.500944876577705145e-04 1.181804473162628710e-04 9.995316863059997559e-01
2.428716514259576797e-03 3.627934455871582031e-01 6.347779035568237305e-01
9.890723228454589844e-01 2.056458499282598495e-03 8.871298283338546753e-03
3.308779268991202116e-04 9.984357357025146484e-01 1.233433256857097149e-03
9.863114356994628906e-01 2.447545411996543407e-04 1.344383321702480316e-02
9.986425042152404785e-01 1.600247196620330215e-04 1.197463250719010830e-03
9.992706775665283203e-01 3.812995273619890213e-04 3.479599254205822945e-04
9.995679259300231934e-01 8.576256368542090058e-05 3.462765598669648170e-04
3.947319462895393372e-02 2.606935799121856689e-02 9.344574809074401855e-01
1.306900870986282825e-03 1.599756978976074606e-05 9.986771345138549805e-01
2.163755940273404121e-03 6.658856291323900223e-03 9.911774992942810059e-01
5.230399547144770622e-04 3.041508025489747524e-04 9.991727471351623535e-01
1.019215327687561512e-03 9.986431002616882324e-01 3.377647371962666512e-04
8.101279139518737793e-01 6.381815765053033829e-03 1.834902018308639526e-01
9.840626716613769531e-01 8.247749065048992634e-04 1.511255651712417603e-02
9.637659968575462699e-05 3.180101657562772743e-06 9.999004006385803223e-01
9.969327449798583984e-01 2.837039530277252197e-03 2.302104840055108070e-04
9.999323487281799316e-01 4.293606616556644440e-05 2.468991988280322403e-05
1.826431912377302069e-06 9.999751448631286621e-01 2.299819789186585695e-05
2.754352753981947899e-04 9.986685514450073242e-01 1.055998844094574451e-03
8.955997182056307793e-04 1.868784420366864651e-05 9.990856647491455078e-01
3.633280866779386997e-04 9.996355772018432617e-01 1.022835704134195112e-06
1.964256316423416138e-01 1.910149864852428436e-02 7.844728827476501465e-01
5.433649334918300156e-07 9.999989867210388184e-01 3.408394491088984068e-07
2.922738349298015237e-05 5.616479029413312674e-05 9.999145865440368652e-01
9.998574256896972656e-01 3.887814091285690665e-05 1.036767207551747561e-04
1.010647974908351898e-02 9.841943979263305664e-01 5.699109286069869995e-03
4.604044079314917326e-04 2.406642772257328033e-02 9.754731655120849609e-01
9.918142557144165039e-01 4.899354651570320129e-03 3.286266932263970375e-03
1.357967685908079147e-02 2.703690901398658752e-03 9.837165474891662598e-01
6.836200918769463897e-05 9.999237656593322754e-01 7.752848432573955506e-06
2.068231627345085144e-02 6.161180208437144756e-04 9.787015318870544434e-01
9.999738335609436035e-01 1.991465524042723700e-06 2.411670175206381828e-05
2.914324113589827903e-06 9.999950528144836426e-01 2.019869953073794022e-06
6.235510227270424366e-05 9.999263882637023926e-01 1.117734063882380724e-05
4.184440331300720572e-05 1.242668076884001493e-05 9.999457001686096191e-01
4.156458377838134766e-01 3.339520692825317383e-01 2.504020631313323975e-01
3.093401119258487597e-06 9.999921917915344238e-01 4.667667781177442521e-06
5.527834946406073868e-05 5.059103932580910623e-05 9.998940825462341309e-01
5.389062425820156932e-05 9.807565808296203613e-01 1.918952167034149170e-02
1.250749453902244568e-03 6.574817467480897903e-03 9.921744465827941895e-01
9.992209076881408691e-01 3.173676377627998590e-04 4.617812810465693474e-04
9.356049304187763482e-07 9.999980330467224121e-01 9.439849009140743874e-07
2.570715423644287512e-06 9.999943375587463379e-01 2.976566975121386349e-06
9.582127444446086884e-03 9.882569313049316406e-01 2.161005511879920959e-03
1.570303807966411114e-03 1.123284164350479841e-04 9.983173012733459473e-01
9.311993198934942484e-05 9.999023079872131348e-01 4.526737484411569312e-06
2.148568000848172233e-06 9.999691843986511230e-01 2.861961002054158598e-05
8.839400410652160645e-01 1.152935326099395752e-01 7.663835422135889530e-04
2.545367169659584761e-04 4.529624246060848236e-03 9.952158331871032715e-01
1.908943704620469362e-05 9.999557137489318848e-01 2.518674409657251090e-05
9.953360557556152344e-01 1.295329653657972813e-03 3.368570469319820404e-03
9.979930520057678223e-01 1.892375730676576495e-04 1.817638054490089417e-03
1.196120574604719877e-04 9.991303682327270508e-01 7.500061765313148499e-04
2.207988582085818052e-04 9.992699623107910156e-01 5.092095816507935524e-04
7.658374379388988018e-04 2.174018300138413906e-05 9.992124438285827637e-01
7.794164419174194336e-01 4.015975445508956909e-02 1.804239004850387573e-01
6.101038455963134766e-01 8.408897370100021362e-02 3.058072626590728760e-01
9.999572634696960449e-01 3.549592656781896949e-05 7.128289325919467956e-06
9.999186396598815918e-01 6.612204015254974365e-05 1.519064426247496158e-05
5.956072345725260675e-05 2.453573746606707573e-03 9.974868297576904297e-01
1.196120574604719877e-04 9.991303682327270508e-01 7.500061765313148499e-04
4.463240131735801697e-02 6.658369302749633789e-01 2.895306348800659180e-01
1.442499751647119410e-06 1.012924258247949183e-05 9.999883770942687988e-01
9.743103384971618652e-02 4.568374156951904297e-01 4.457314610481262207e-01
9.999939799308776855e-01 1.323843207501340657e-06 4.689016350312158465e-06
4.200845211744308472e-02 6.645510904490947723e-03 9.513460397720336914e-01
2.675449009984731674e-03 5.846020206809043884e-02 9.388642907142639160e-01
9.987983703613281250e-01 2.218279842054471374e-04 9.798558894544839859e-04
2.869550080504268408e-04 1.258448537555523217e-05 9.997005462646484375e-01
6.786243058741092682e-03 1.725683687254786491e-04 9.930411577224731445e-01
1.565110636647659703e-07 9.999954104423522949e-01 4.420900495460955426e-06
9.995916485786437988e-01 3.820632700808346272e-04 2.635762575664557517e-05
4.570559831336140633e-04 9.847261309623718262e-01 1.481665950268507004e-02
5.850959569215774536e-03 1.429754338460043073e-04 9.940059781074523926e-01
4.152525798417627811e-05 8.076653102762065828e-06 9.999503493309020996e-01
9.999176859855651855e-01 3.386261960258707404e-05 4.843930219067260623e-05
9.750428795814514160e-01 2.479960396885871887e-02 1.574934140080586076e-04
9.999375939369201660e-01 4.401888509164564312e-05 1.831576082622632384e-05
6.724986596964299679e-04 8.534021908417344093e-04 9.984740614891052246e-01
9.217577576637268066e-01 7.622072007507085800e-04 7.747995108366012573e-02
2.309522460564039648e-05 9.998688697814941406e-01 1.080130678019486368e-04
9.479842185974121094e-01 3.666380047798156738e-02 1.535183005034923553e-02
9.560072612657677382e-06 9.999899268150329590e-01 5.097516577734495513e-07
1.395013183355331421e-01 8.522264957427978516e-01 8.272111415863037109e-03
6.748410873115062714e-03 3.161355562042444944e-04 9.929355382919311523e-01
1.471169060096144676e-03 8.078245446085929871e-04 9.977210164070129395e-01
9.998109340667724609e-01 1.759622537065297365e-04 1.320205319643719122e-05
1.782504841685295105e-05 9.999342560768127441e-01 4.778416405315510929e-05
1.084764860570430756e-02 2.088304609060287476e-03 9.870640039443969727e-01
9.997639656066894531e-01 1.220362628373550251e-05 2.238330489490181208e-04
9.996470212936401367e-01 7.372213440248742700e-05 2.791807637549936771e-04
9.964381456375122070e-01 2.302776119904592633e-04 3.331508720293641090e-03
9.924218058586120605e-01 6.580020301043987274e-03 9.981485782191157341e-04
9.466778635978698730e-01 5.009937658905982971e-02 3.222761675715446472e-03
9.998908638954162598e-01 3.744133937289007008e-05 7.166507566580548882e-05
9.887054562568664551e-01 1.337481662631034851e-03 9.957076050341129303e-03
9.144937396049499512e-01 8.234280347824096680e-02 3.163411980494856834e-03
2.626378322020173073e-03 9.972426295280456543e-01 1.308632199652493000e-04
4.570365708786994219e-04 1.859015610534697771e-04 9.993570446968078613e-01
7.772261276841163635e-03 2.148580849170684814e-01 7.773696184158325195e-01
1.117861345410346985e-01 5.739457011222839355e-01 3.142681121826171875e-01
2.936752207460813224e-05 9.999628663063049316e-01 7.763806024740915745e-06
6.720851524733006954e-04 8.033211342990398407e-04 9.985244870185852051e-01
9.339199401438236237e-03 9.905639886856079102e-01 9.680106450105085969e-05
1.565110636647659703e-07 9.999954104423522949e-01 4.420900495460955426e-06
9.458953738212585449e-01 2.045635879039764404e-02 3.364822641015052795e-02
9.991117715835571289e-01 1.586152793606743217e-04 7.295050309039652348e-04
6.967302823568388703e-08 9.999994635581970215e-01 3.612516081830108305e-07
6.025717812008224428e-05 4.606608708854764700e-04 9.994789958000183105e-01
7.008559805399272591e-06 9.999917149543762207e-01 1.181063566946249921e-06
9.883589744567871094e-01 1.144558656960725784e-02 1.954365725396201015e-04
9.808031320571899414e-01 7.532628253102302551e-03 1.166420429944992065e-02
5.030907988548278809e-01 1.154956640675663948e-03 4.957542121410369873e-01
2.282445639139041305e-04 9.845367074012756348e-01 1.523494906723499298e-02
2.725853119045495987e-03 1.926556251419242471e-05 9.972549080848693848e-01
1.703502493910491467e-04 9.923999309539794922e-01 7.429719902575016022e-03
1.825174986151978374e-04 3.778872312977910042e-03 9.960386157035827637e-01
2.171654614357976243e-06 9.999720454216003418e-01 2.570813740021549165e-05
9.795521497726440430e-01 2.152154629584401846e-04 2.023265697062015533e-02
7.051960710668936372e-05 3.039163129869848490e-05 9.998989701271057129e-01
9.883708553388714790e-04 2.706391969695687294e-03 9.963052272796630859e-01
5.428697113529779017e-05 4.283317364752292633e-03 9.956623911857604980e-01
4.253891238477081060e-04 1.972188940271735191e-03 9.976022839546203613e-01
9.999887347221374512e-01 4.595387053996091709e-06 6.533274699904723093e-06
9.999902844429016113e-01 3.009669171660789289e-06 6.622728051297599450e-06
4.834298416972160339e-02 9.036743082106113434e-03 9.426202178001403809e-01
7.137020118534564972e-03 7.941499948501586914e-01 1.987129896879196167e-01
6.400726269930601120e-04 9.878705739974975586e-01 1.148932892829179764e-02
2.316397614777088165e-03 9.850873947143554688e-01 1.259611919522285461e-02
6.292929356277454644e-06 9.999902844429016113e-01 3.310339479867252521e-06
2.479237764418940060e-06 9.999799132347106934e-01 1.755483572196681052e-05
6.948496775294188410e-06 9.999898076057434082e-01 3.209609531040769070e-06
9.947492480278015137e-01 3.276150091551244259e-04 4.923090804368257523e-03
9.301022291183471680e-01 4.668539017438888550e-02 2.321236394345760345e-02
9.997291564941406250e-01 5.777793921879492700e-05 2.130951907020062208e-04
9.975800514221191406e-01 3.005320031661540270e-04 2.119391458109021187e-03
7.966469856910407543e-04 8.074444718658924103e-03 9.911289215087890625e-01
5.182635188102722168e-01 4.295293707400560379e-03 4.774412214756011963e-01
3.027588900295086205e-05 9.999657273292541504e-01 3.946218839701032266e-06
5.934017710387706757e-03 1.247551292181015015e-03 9.928184747695922852e-01
4.471399392969033215e-07 9.999976754188537598e-01 1.732599457682226785e-06
9.999826550483703613e-01 1.510077527200337499e-05 2.087082293655839749e-06
6.322048138827085495e-04 1.708852942101657391e-04 9.991969466209411621e-01
3.033006750047206879e-02 1.201859936118125916e-01 8.494839072227478027e-01
9.999489188194274902e-01 2.029071765718981624e-05 3.077318251598626375e-05
4.391761649458203465e-06 2.313792265340453014e-06 9.999932646751403809e-01
4.092873950867215171e-06 9.999944567680358887e-01 1.387008637721010018e-06
1.051486560754710808e-05 9.999850392341613770e-01 4.422119673108682036e-06
5.438814405351877213e-04 1.161974621936678886e-03 9.982941150665283203e-01
9.999704957008361816e-01 2.171134656236972660e-05 7.743324204056989402e-06
1.113891717977821827e-03 9.988500475883483887e-01 3.607411053963005543e-05
9.131416082382202148e-01 6.047219038009643555e-02 2.638620324432849884e-02
4.550025096250465140e-06 9.999932646751403809e-01 2.185736093451851048e-06
8.191574306692928076e-05 2.516156237106770277e-04 9.996664524078369141e-01
4.383828639984130859e-01 2.176217921078205109e-02 5.398548841476440430e-01
6.384686566889286041e-04 9.770867824554443359e-01 2.227471210062503815e-02
8.781180977821350098e-01 1.317832991480827332e-02 1.087035238742828369e-01
2.360823782510124147e-05 6.341564130707411095e-06 9.999700188636779785e-01
9.632098674774169922e-01 3.539505228400230408e-02 1.395123079419136047e-03
9.997856616973876953e-01 2.933217547251842916e-05 1.850296830525621772e-04
9.527387022972106934e-01 1.980553567409515381e-02 2.745579555630683899e-02
9.999951720237731934e-01 3.222016857762355357e-06 1.513312213319295552e-06
4.612478427588939667e-03 9.552839398384094238e-01 4.010357335209846497e-02
9.999951720237731934e-01 8.980231314126285724e-07 3.845349510811502114e-06
1.831434747145976871e-05 3.061609504584339447e-06 9.999786019325256348e-01
4.356969657237641513e-05 9.999508261680603027e-01 5.438865173346130177e-06
7.246714234352111816e-01 2.703257203102111816e-01 5.002858117222785950e-03
9.999855160713195801e-01 1.557830614729027729e-06 1.292098568228539079e-05
1.864473051682580262e-05 5.573145608650520444e-05 9.999255537986755371e-01
6.965122793189948425e-06 2.252993454021634534e-06 9.999907612800598145e-01
9.990413784980773926e-01 1.662220020079985261e-04 7.923772209323942661e-04
2.999267678660544334e-07 9.999992251396179199e-01 3.681693669932428747e-07
9.986452460289001465e-01 3.199854691047221422e-04 1.034737331792712212e-03
2.534501545596867800e-04 9.373159408569335938e-01 6.243060156702995300e-02
1.474459171295166016e-01 4.919799566268920898e-01 3.605742156505584717e-01
5.034916739532491192e-06 9.999925494194030762e-01 2.350846443732734770e-06
1.774668926373124123e-03 9.980595707893371582e-01 1.656954409554600716e-04
1.565110636647659703e-07 9.999954104423522949e-01 4.420900495460955426e-06
4.122442987863905728e-05 9.999559521675109863e-01 2.765100816759513691e-06
4.917964688502252102e-04 5.176647566258907318e-03 9.943316578865051270e-01
4.850450636695313733e-07 9.999955296516418457e-01 3.957182343583554029e-06
6.035245023667812347e-04 3.791552444454282522e-04 9.990172982215881348e-01
4.977213102392852306e-04 2.446600119583308697e-04 9.992576837539672852e-01
8.781180977821350098e-01 1.317832991480827332e-02 1.087035238742828369e-01
9.999607205390930176e-01 5.995553692628163844e-06 3.322384509374387562e-05
3.900057345163077116e-05 9.999307990074157715e-01 3.017052222276106477e-05
1.235605962574481964e-02 6.575949192047119141e-01 3.300490975379943848e-01
1.237563651557138655e-06 9.999967217445373535e-01 1.993205842154566199e-06
7.522332452936097980e-05 9.999200701713562012e-01 4.607450591720407829e-06
8.336495511684915982e-07 3.830672540061641484e-06 9.999952912330627441e-01
6.491695785371121019e-07 9.999981522560119629e-01 1.192218064716143999e-06
3.336577501613646746e-04 5.173848476260900497e-04 9.991489052772521973e-01
1.718941330909729004e-02 8.726965785026550293e-01 1.101138964295387268e-01
9.965659379959106445e-01 3.075817599892616272e-03 3.581581113394349813e-04
9.999292492866516113e-01 2.831128404068294913e-05 4.232016726746223867e-05
3.349900618195533752e-02 2.117509953677654266e-03 9.643834829330444336e-01
5.127866825205273926e-05 1.442540633433964103e-05 9.999342560768127441e-01
2.091734586429083720e-06 1.487997565163823310e-07 9.999976754188537598e-01
1.568584293127059937e-01 3.627200424671173096e-02 8.068695664405822754e-01
1.177557578557753004e-06 9.999970793724060059e-01 1.610625190551218111e-06
9.998071193695068359e-01 3.124778595520183444e-05 1.616461522644385695e-04
2.849153497663792223e-05 1.987545983865857124e-04 9.997727870941162109e-01
1.125381328165531158e-03 2.626353816594928503e-04 9.986118674278259277e-01
9.999676346778869629e-01 2.810688783938530833e-05 4.216783054289408028e-06
8.499569296836853027e-01 1.298110932111740112e-01 2.023199200630187988e-02
9.993377327919006348e-01 6.357848906191065907e-05 5.986823816783726215e-04
1.049118395712866914e-06 9.999976754188537598e-01 1.144728571489395108e-06
3.450114454608410597e-04 1.731147640384733677e-04 9.994817376136779785e-01
3.680337954392598476e-07 9.999991059303283691e-01 4.566254574456252158e-07
1.335570323135470971e-05 9.243970566785719711e-07 9.999856352806091309e-01
5.491938645718619227e-05 6.441729965445119888e-06 9.999385476112365723e-01
1.844162866473197937e-02 9.166144728660583496e-01 6.494387984275817871e-02
8.275879174470901489e-02 1.777078025043010712e-02 8.994703888893127441e-01
9.955950975418090820e-01 3.955591004341840744e-03 4.492210573516786098e-04
2.857712330296635628e-03 1.335028355242684484e-04 9.970088005065917969e-01
3.876935224980115891e-03 2.764665696304291487e-04 9.958465695381164551e-01
1.982535759452730417e-04 2.221785689471289515e-04 9.995796084403991699e-01
1.557658464435007772e-07 9.999995231628417969e-01 3.550324834122875473e-07
